0.00 0.00 0.00 0.00 0.00 0.00
0.07 0.16 -0.04 0.00 -0.00 -0.00
0.02 0.11 -0.08 -0.01 -0.00 -0.00
0.00 0.01 -0.02 -0.01 -0.00 0.00
-0.04 0.13 -0.12 0.00 -0.00 -0.00
0.01 0.14 0.20 -0.00 0.00 0.00
0.02 0.14 0.02 -0.01 -0.00 -0.01
-0.07 0.16 -0.28 0.00 0.00 0.00
0.00 0.09 0.06 -0.00 0.01 -0.00
-0.03 0.04 -0.01 -0.01 0.00 -0.00
0.05 0.16 -0.02 -0.00 -0.01 -0.00
-0.04 -0.07 -0.04 -0.02 -0.00 -0.01
-0.01 0.02 -0.19 -0.01 0.00 -0.00
0.10 0.11 0.02 -0.01 -0.00 0.00
0.17 0.13 -0.10 -0.00 -0.01 -0.00
0.09 0.20 -0.05 0.00 -0.01 -0.00
0.04 0.15 -0.06 -0.00 -0.01 0.00
0.18 -0.01 -3.54 0.01 -0.02 0.17
0.21 0.12 -4.10 0.00 0.01 0.18
0.26 0.34 -4.04 0.00 -0.00 0.14
0.70 -0.88 -4.43 0.02 -0.00 0.14
-0.75 1.26 -5.20 -0.05 -0.04 0.14
1.57 -0.56 -4.86 0.19 0.05 0.14
2.01 -1.39 -5.49 0.21 0.18 0.17
-1.25 2.04 -5.74 -0.12 -0.18 0.23
1.13 0.13 -5.09 0.14 -0.03 0.20
2.07 -0.56 -2.19 0.18 0.23 0.20
0.09 0.32 -2.53 -0.08 0.04 0.12
0.70 -0.85 -2.79 0.17 0.12 0.20
-1.53 0.81 -4.80 -0.01 -0.04 0.02
0.58 0.71 -2.15 -0.08 0.05 0.21
0.06 0.67 -2.15 0.01 0.01 0.13
-0.46 1.22 -2.65 -0.14 -0.05 0.10
0.47 1.23 -1.40 -0.06 0.15 0.20
-0.57 0.49 -2.20 0.04 -0.03 0.06
-0.77 0.23 -2.49 0.02 -0.05 0.07
-0.76 1.23 -4.24 -0.02 0.01 0.10
-0.12 0.52 -4.58 0.06 -0.02 0.16
-0.50 0.24 -2.66 -0.05 -0.06 0.05
0.09 0.06 -2.18 -0.15 -0.18 0.16
0.04 0.65 -2.40 -0.06 0.02 0.11
-0.54 1.14 -1.74 -0.11 0.08 0.04
-0.51 0.35 -2.80 -0.01 0.06 0.02
-0.29 0.54 -1.98 0.00 0.16 0.03
1.53 0.93 -3.29 -0.11 0.57 0.18
3.18 0.57 -4.01 -0.10 0.89 -0.04
2.64 0.46 -3.39 -0.03 0.78 0.07
2.88 0.70 -3.09 -0.08 0.88 0.10
3.20 0.73 -3.80 -0.06 0.91 0.12
3.30 0.55 -3.98 -0.07 0.88 0.12
2.37 0.90 -3.71 -0.03 0.71 0.15
1.81 1.25 -2.57 -0.13 0.67 0.15
2.12 0.33 -1.88 -0.14 0.59 0.13
1.12 1.03 -2.37 -0.13 0.45 0.17
2.10 0.99 -2.85 -0.07 0.50 0.15
1.15 1.16 -3.55 -0.14 0.44 0.18
1.38 1.16 -3.08 -0.11 0.48 0.06
2.65 -0.05 -3.33 -0.05 0.44 0.30
1.68 0.49 -3.98 0.06 0.40 0.12
1.92 -0.23 -3.74 0.00 0.38 0.19
1.51 0.53 -4.41 -0.13 0.28 0.24
1.12 0.09 -3.77 -0.00 0.31 0.03
1.46 0.25 -3.11 -0.02 0.17 0.25
0.58 0.31 -4.14 0.06 0.34 0.06
1.21 0.10 -3.60 0.09 0.25 0.05
1.17 -0.27 -3.48 0.02 0.15 0.15
0.86 0.39 -3.57 0.01 0.24 0.25
0.60 0.91 -2.59 -0.05 0.25 0.20
1.12 -0.56 -3.56 0.03 0.14 0.07
0.12 0.46 -2.59 0.02 0.21 -0.02
1.07 -0.12 -2.94 0.05 0.33 0.07
0.87 0.42 -2.22 -0.04 0.29 0.10
1.03 0.51 -2.54 -0.02 0.22 0.17
0.06 1.15 -2.50 -0.13 0.16 0.10
1.03 0.56 -3.17 -0.00 0.26 0.15
0.91 0.71 -2.23 -0.04 0.27 0.17
0.37 0.13 -3.18 0.06 0.25 -0.06
0.40 0.33 -3.15 -0.01 0.17 -0.01
0.70 0.47 -3.09 -0.17 0.26 0.13
1.13 0.17 -4.22 0.07 0.23 0.00
-0.03 0.47 -4.15 0.16 0.22 -0.10
1.00 -0.33 -4.56 -0.01 0.16 0.22
0.85 0.98 -3.58 -0.10 0.27 0.09
0.88 -0.84 -4.02 0.03 0.09 0.15
0.46 0.39 -3.78 0.04 0.17 0.30
0.05 0.91 -3.84 -0.05 0.23 0.12
1.20 -0.14 -4.32 0.09 0.30 0.18
0.90 -0.83 -4.55 0.10 0.21 -0.01
1.65 0.13 -5.14 0.13 0.41 0.32
0.94 0.43 -4.69 0.09 0.30 0.21
0.97 -0.34 -4.27 0.08 0.23 0.22
1.34 -0.29 -3.89 0.03 0.27 0.24
0.82 0.64 -4.32 0.14 0.32 0.16
1.41 0.27 -3.65 0.00 0.36 0.12
1.24 0.05 -4.42 0.07 0.32 0.18
1.10 0.54 -4.50 -0.02 0.26 0.16
0.70 0.27 -4.47 0.03 0.27 0.14
0.89 0.05 -4.00 0.04 0.26 0.13
1.01 -0.15 -3.82 0.04 0.27 0.13
0.76 0.10 -4.57 0.06 0.27 0.16
0.75 0.12 -4.24 0.05 0.29 0.14
0.85 0.20 -4.37 0.06 0.28 0.14
0.55 0.24 -4.32 0.05 0.31 0.13
0.76 0.04 -4.59 0.05 0.29 0.13
0.22 0.19 -4.67 0.03 0.13 0.13
-1.96 1.36 -3.77 -0.12 0.43 -0.03
8.19 0.88 -7.82 0.73 4.72 -0.44
10.15 0.59 -5.62 0.06 3.35 0.27
14.86 1.34 -2.66 -1.22 4.57 0.67
6.93 2.86 -4.33 -0.05 2.97 -0.31
2.36 -0.35 -5.20 -0.07 1.23 0.13
1.00 -2.59 -5.28 -0.07 0.05 0.16
0.67 -2.24 -4.86 0.08 -0.01 0.22
-0.40 3.94 -4.72 -0.19 -0.03 0.04
0.11 1.84 -3.10 -0.07 0.17 0.05
1.67 0.97 -2.90 -0.11 0.19 0.13
3.16 0.79 -2.74 0.00 0.34 0.19
2.26 0.57 -3.15 -0.15 0.26 0.15
2.47 -1.78 -2.34 0.30 0.32 0.15
-0.08 0.58 -3.38 -0.01 0.19 0.09
2.21 -0.17 -2.75 -0.09 0.30 0.20
1.58 0.15 -3.53 -0.04 0.13 0.15
2.55 0.40 -1.64 -0.10 0.24 0.14
1.85 0.28 -3.63 0.08 0.24 0.15
1.06 0.76 -3.96 0.00 0.11 0.17
-0.27 0.80 -4.53 -0.09 -0.04 0.07
0.91 1.04 -4.60 -0.12 0.06 0.18
0.90 0.51 -4.89 0.04 0.02 0.23
1.20 0.44 -3.67 -0.09 0.12 0.19
1.82 1.14 -4.19 -0.10 0.32 0.18
2.51 0.60 -3.05 -0.08 0.75 -0.02
4.27 0.61 -2.50 -0.21 0.94 0.11
7.77 1.07 -3.45 -0.21 1.41 0.25
4.93 0.46 -2.69 0.24 1.81 -0.05
5.87 -0.52 -2.02 -0.18 1.86 0.14
13.17 1.67 -1.50 -0.69 2.55 0.23
16.43 2.29 -2.24 -0.67 2.93 0.34
7.31 2.75 -0.13 0.25 2.43 -0.07
16.13 4.05 0.18 -0.70 3.60 0.17
16.50 3.47 -2.30 -0.36 3.12 0.30
10.83 0.17 -2.76 -0.26 2.87 0.24
12.72 4.21 2.48 -0.49 2.86 -0.03
13.33 3.01 -1.78 -0.45 3.45 0.08
11.09 1.56 -4.82 -0.03 2.26 0.23
11.67 3.10 -1.44 -0.50 3.61 0.11
13.85 1.97 -1.78 -0.42 3.15 0.25
7.71 -0.14 -3.72 -0.07 2.46 0.03
14.16 3.98 -0.26 -0.35 3.34 -0.03
10.25 0.00 -2.74 -0.32 2.90 0.29
8.34 2.12 -3.94 0.06 2.84 -0.06
11.05 3.29 -2.43 -0.32 2.97 0.24
13.48 0.35 -2.96 -0.48 2.73 0.41
8.85 0.40 -5.63 -0.25 2.75 0.34
11.83 4.23 -2.15 -0.24 3.38 0.07
10.64 -0.45 -3.36 -0.43 2.82 0.29
5.65 1.06 -5.63 -0.26 2.74 -0.00
7.95 -0.92 -3.15 -0.47 2.72 0.23
7.54 1.76 -6.07 0.16 3.00 0.04
5.33 1.92 -5.97 -0.02 3.06 -0.09
9.11 0.71 -4.23 -0.38 3.16 0.13
13.77 -0.32 -2.64 -0.21 2.69 0.50
9.02 -0.79 -4.95 -0.26 2.50 0.37
9.45 -0.21 -6.01 -0.13 2.37 0.49
10.81 -0.21 -4.51 -0.31 2.42 0.55
6.27 1.18 -7.99 0.29 2.79 0.11
11.41 3.87 -4.93 -0.19 2.80 0.23
12.13 3.18 -7.35 -0.17 2.45 0.32
7.51 -1.10 -7.28 -0.39 2.93 0.34
5.56 2.15 -7.61 -0.06 2.82 0.08
7.17 0.68 -6.28 -0.46 2.94 0.31
9.19 0.21 -7.87 -0.09 2.35 0.22
10.40 1.67 -7.21 -0.16 3.83 -0.24
8.72 -4.76 -4.07 -0.85 2.64 0.80
4.46 3.75 -6.80 0.28 4.08 -0.35
9.28 5.04 -8.21 0.09 4.83 -0.38
13.90 -0.54 -4.71 0.03 3.09 0.37
12.90 3.57 -4.40 -0.00 3.87 0.26
14.73 2.23 -6.62 0.01 3.72 0.40
5.83 2.27 -5.62 -0.44 4.47 0.02
9.61 1.82 -4.31 -0.45 4.53 0.11
14.80 1.01 -7.02 -0.67 4.47 0.44
11.74 5.41 -5.37 0.49 4.66 -0.29
14.13 0.52 -3.93 -0.29 4.19 0.46
15.61 1.25 -7.11 0.21 3.89 0.41
11.30 1.65 -9.86 0.03 3.31 0.48
15.51 -0.10 -6.55 -1.16 4.82 0.72
15.25 -0.62 -4.95 -0.76 3.67 1.07
12.43 4.18 -10.72 0.10 3.67 0.21
4.86 -4.35 -5.61 -0.47 3.77 0.46
16.58 0.40 -3.84 -0.30 3.88 0.85
8.61 -1.90 -9.34 -0.05 3.02 0.64
8.60 2.35 -6.81 -0.05 4.03 -0.04
8.95 3.30 -6.64 -0.41 5.34 -0.34
0.92 -2.58 -10.56 -0.15 3.30 0.44
11.98 4.84 -6.75 0.47 4.12 -0.09
17.76 -1.63 -4.80 -0.36 2.90 1.27
9.14 3.88 -7.73 0.26 4.12 -0.20
8.91 -0.52 -7.55 -0.55 2.69 0.73
-0.88 0.49 -11.17 0.23 2.18 -0.24
-2.12 -1.23 -10.55 -0.21 1.25 0.08
-1.00 1.09 -9.04 -0.14 0.17 0.05
-1.16 2.22 -9.17 0.04 0.21 0.08
-0.85 1.21 -10.40 0.07 0.07 0.08
1.59 1.80 -7.23 -0.10 0.14 0.28
2.25 0.68 -8.33 -0.09 0.21 0.25
2.28 1.00 -7.96 -0.15 0.21 0.29
1.23 1.80 -7.88 -0.16 0.15 0.28
2.98 -0.62 -6.62 0.07 0.32 0.38
1.25 0.22 -7.64 -0.04 0.18 0.27
3.05 -0.09 -7.46 -0.03 0.35 0.27
3.59 1.26 -6.20 -0.16 0.38 0.41
1.32 1.73 -7.53 -0.15 0.17 0.18
0.48 0.42 -8.67 -0.12 0.17 0.23
-0.06 0.48 -10.92 -0.02 0.01 0.29
0.51 1.00 -11.20 0.01 0.09 0.30
0.15 1.32 -9.29 -0.10 -0.03 0.25
1.55 1.03 -9.75 -0.16 0.12 0.33
0.71 0.42 -9.18 -0.01 0.20 0.20
1.84 1.31 -9.56 -0.10 0.45 0.26
4.39 1.72 -8.52 -0.16 0.70 0.30
5.33 0.71 -6.09 -0.22 1.18 0.21
7.53 2.54 -6.61 -0.45 1.80 0.14
14.76 2.75 -7.46 -0.56 2.52 0.35
12.16 0.28 -1.69 -0.81 2.17 0.47
14.26 1.87 -4.01 -0.88 2.83 0.38
11.05 2.80 -5.54 -0.66 2.96 0.23
13.89 3.59 -6.63 -0.84 3.18 0.41
18.40 4.34 -5.35 -0.42 3.35 0.40
14.01 4.01 -4.76 -0.41 2.84 0.27
8.98 0.26 -8.79 -0.34 2.46 0.32
14.10 2.88 -4.50 -0.41 3.26 0.27
17.61 2.44 -6.42 -0.90 3.22 0.56
5.83 1.80 -7.23 0.01 2.95 -0.01
13.08 3.19 -6.67 -0.36 3.02 0.30
14.28 3.50 -7.69 -0.49 3.11 0.28
8.82 -0.45 -5.23 -0.14 2.72 0.16
12.95 1.29 -6.78 -0.59 3.39 0.26
8.88 -0.72 -7.79 -0.36 2.80 0.33
6.95 1.23 -8.44 0.22 2.81 0.08
11.62 2.51 -7.47 -0.16 3.41 0.14
10.65 -0.26 -9.04 -0.41 2.91 0.41
8.88 -0.58 -8.63 -0.16 2.82 0.46
12.75 0.36 -7.65 -0.11 2.45 0.65
6.26 -0.19 -9.79 -0.24 2.76 0.18
8.82 -0.72 -7.62 -0.45 2.89 0.61
7.67 2.21 -9.55 0.02 3.04 0.07
5.53 0.75 -9.12 0.22 2.77 -0.03
10.93 1.78 -10.22 0.07 2.61 0.29
12.49 1.98 -8.99 0.06 3.28 0.34
6.24 0.99 -11.24 -0.11 3.02 0.17
6.96 1.14 -9.92 -0.35 2.84 0.24
6.81 2.38 -9.62 -0.29 2.99 0.20
6.48 -0.57 -9.13 -0.51 2.81 0.24
8.71 0.91 -9.49 -0.46 3.01 0.39
6.75 -0.76 -10.36 0.12 2.51 0.37
8.07 2.58 -8.74 -0.33 2.96 0.23
12.16 2.34 -11.01 -0.28 2.51 0.66
7.34 2.31 -9.43 -0.13 2.86 0.31
11.85 0.55 -11.43 -0.57 3.25 0.20
10.41 0.52 -9.01 -0.71 2.97 0.63
5.76 -2.14 -11.61 -0.63 2.81 0.42
13.90 2.55 -11.49 -0.33 3.58 0.37
11.05 0.80 -11.79 0.09 2.99 0.38
13.63 -2.95 -9.70 -1.23 4.13 0.73
14.13 4.23 -10.87 -0.31 4.23 0.27
11.24 3.52 -11.08 0.14 3.45 0.24
7.83 2.00 -9.28 -0.10 4.43 0.02
16.19 -2.60 -7.86 -0.28 3.61 1.09
7.06 -4.45 -11.20 -0.18 3.18 0.58
5.70 -5.37 -9.76 -0.18 3.53 0.51
10.46 -1.01 -7.81 -0.66 3.59 0.68
3.51 3.18 -10.57 1.00 4.05 -0.35
16.12 -1.99 -7.66 -0.67 3.36 1.18
13.80 -1.76 -9.49 -0.74 3.56 0.96
2.97 -3.04 -11.74 -0.26 3.28 0.52
3.89 -5.98 -9.66 -0.17 3.20 0.76
14.84 0.11 -8.66 -0.80 3.73 1.07
6.86 1.90 -11.08 -0.31 3.81 0.25
17.30 -0.72 -6.73 0.00 5.35 -0.44
18.95 0.13 -7.01 -0.47 3.88 1.08
2.57 2.11 -12.36 0.80 4.01 -0.28
13.60 -1.50 -5.73 -0.68 3.77 0.83
14.78 -1.33 -9.22 -0.75 3.69 1.16
11.53 1.29 -13.78 0.12 3.43 0.47
13.16 4.04 -12.98 0.12 5.10 -0.02
11.33 3.78 -14.88 0.07 3.54 0.21
3.27 1.90 -13.73 0.74 2.48 -0.02
3.49 -0.47 -13.04 -0.09 1.38 0.50
-1.01 -0.44 -11.99 0.09 0.05 0.18
0.03 -1.59 -12.26 -0.25 0.02 0.31
-0.43 0.61 -13.13 0.07 0.00 0.24
1.88 0.09 -10.55 0.06 0.22 0.33
2.33 0.00 -10.90 0.15 0.31 0.34
2.70 1.06 -11.37 -0.11 0.23 0.34
2.10 1.57 -11.02 -0.21 0.27 0.37
0.87 2.78 -10.52 -0.24 0.17 0.25
1.87 1.15 -9.59 -0.17 0.09 0.20
2.55 0.66 -9.25 -0.06 0.25 0.33
1.30 0.26 -11.61 0.02 0.15 0.37
0.72 1.84 -10.67 -0.08 0.21 0.34
1.57 0.19 -10.55 -0.16 0.21 0.38
0.82 1.02 -11.48 -0.12 0.11 0.26
0.87 0.01 -13.44 0.02 0.04 0.38
1.05 1.03 -13.28 -0.05 0.08 0.29
0.84 1.13 -11.52 -0.04 0.04 0.35
1.23 1.41 -10.58 -0.12 0.16 0.26
1.09 1.06 -10.38 -0.08 0.38 0.28
2.05 1.43 -10.35 -0.09 0.65 0.22
6.07 1.76 -10.58 -0.18 1.02 0.44
5.32 1.37 -9.60 -0.05 1.54 0.34
9.38 1.97 -8.22 -0.18 1.48 0.41
14.06 3.34 -5.58 -0.46 2.74 0.21
8.33 0.44 -9.54 -0.47 2.21 0.33
12.02 0.70 -3.86 -0.81 2.92 0.36
14.83 2.68 -7.49 -1.04 3.00 0.41
11.06 1.47 -8.80 -0.41 2.23 0.31
15.80 1.73 -5.05 -0.66 3.03 0.51
13.88 4.53 -7.60 -0.30 3.09 0.13
9.70 -1.02 -7.06 -0.17 2.61 0.23
12.54 3.37 -9.54 -0.33 2.64 0.41
14.49 3.53 -8.65 -0.45 3.41 0.33
9.54 0.07 -6.90 -0.44 2.65 0.45
10.94 2.60 -9.39 -0.49 3.08 0.43
13.14 4.34 -8.13 -0.31 3.50 0.19
8.97 0.00 -9.93 -0.26 2.79 0.36
6.51 1.58 -10.89 0.20 2.77 0.11
10.03 0.29 -10.32 -0.47 2.81 0.35
7.46 0.02 -11.63 -0.23 2.73 0.43
8.41 -0.42 -7.82 -0.48 2.76 0.37
11.29 2.17 -11.10 -0.04 2.89 0.42
13.65 -0.79 -9.95 -0.39 2.87 0.57
10.59 3.09 -8.78 -0.08 3.26 0.30
13.92 1.86 -11.26 -0.05 3.44 0.44
7.68 2.09 -13.18 0.33 3.15 0.19
9.82 2.55 -10.92 -0.28 3.25 0.39
8.95 1.23 -11.01 -0.44 2.74 0.28
11.37 -0.05 -8.10 -0.35 2.43 0.44
9.33 0.28 -10.33 -0.24 3.21 0.32
9.01 1.78 -12.17 -0.07 3.28 0.10
8.08 1.87 -11.49 -0.19 3.17 0.12
10.65 0.74 -10.20 -0.39 2.74 0.40
6.06 1.48 -10.63 -0.31 2.71 0.23
5.83 1.59 -13.57 0.28 2.40 0.22
10.11 -0.24 -11.93 -0.59 2.96 0.33
5.65 0.68 -12.89 -0.01 2.49 0.29
8.45 0.69 -14.27 0.07 2.29 0.18
7.30 -0.12 -14.21 0.01 2.29 0.43
8.06 -1.64 -12.22 -0.51 2.61 0.44
6.57 2.31 -9.61 -0.11 3.61 0.14
6.50 0.88 -12.79 0.24 3.20 0.30
10.04 -4.10 -8.56 -0.92 2.99 1.06
3.36 4.17 -13.44 0.36 4.41 -0.23
8.01 0.07 -11.79 0.33 3.28 0.13
8.19 -4.94 -8.66 -1.11 3.51 0.96
5.68 2.79 -14.37 0.49 4.23 0.11
4.87 1.88 -12.22 0.81 3.90 -0.22
11.32 1.37 -12.86 0.49 3.64 0.08
11.31 0.57 -10.35 -0.15 3.88 0.52
2.45 3.64 -10.85 1.07 4.09 -0.35
11.67 4.68 -10.63 0.30 4.11 0.09
11.77 5.02 -13.89 0.28 5.24 -0.27
-0.39 -2.49 -13.12 -0.19 3.42 0.34
15.87 1.51 -8.82 -0.48 4.50 0.65
15.98 1.85 -8.10 -0.71 4.44 0.73
2.28 -0.37 -14.98 0.84 3.54 -0.13
13.58 -1.27 -6.31 -0.89 3.67 0.99
10.77 2.52 -11.47 -0.26 5.54 -0.23
4.71 -2.18 -13.49 -0.32 2.87 0.76
16.89 0.84 -10.12 -1.22 4.87 0.84
9.99 -0.18 -10.67 -0.44 3.72 0.59
-3.70 -1.67 -14.72 -0.04 3.74 -0.00
5.86 -4.23 -10.94 -0.47 3.48 0.75
9.42 5.09 -14.57 0.10 4.44 0.25
11.86 -0.79 -11.92 0.28 2.94 0.57
8.28 -0.48 -12.21 -0.16 2.37 0.65
-0.51 0.17 -16.78 0.05 1.77 0.02
0.48 1.19 -14.80 0.30 0.41 0.19
-1.06 1.27 -13.35 -0.16 0.24 0.28
0.26 -0.33 -14.14 0.27 0.12 0.30
0.97 0.69 -14.32 0.01 0.15 0.37
1.00 1.01 -11.81 -0.06 0.10 0.25
2.74 1.41 -13.30 -0.20 0.16 0.46
0.77 1.15 -12.72 -0.19 0.18 0.26
1.87 1.55 -11.64 -0.13 0.24 0.30
2.56 0.70 -11.72 -0.01 0.35 0.33
2.81 0.72 -12.29 -0.12 0.28 0.41
0.95 1.14 -12.58 -0.14 0.11 0.29
3.66 1.11 -9.99 -0.08 0.32 0.36
1.50 -0.02 -12.41 -0.08 0.18 0.29
0.64 0.29 -13.11 0.06 0.11 0.35
0.99 2.14 -14.10 -0.11 0.10 0.45
0.58 1.42 -12.91 -0.10 0.04 0.31
1.70 0.73 -12.74 -0.05 0.11 0.45
1.45 0.61 -13.04 0.01 0.13 0.37
0.74 1.16 -13.85 0.08 0.16 0.28
3.06 1.45 -12.46 -0.05 0.77 0.25
3.86 1.43 -11.15 -0.07 0.88 0.45
4.15 2.61 -12.69 -0.06 1.46 0.22
9.48 2.61 -11.26 -0.32 2.44 0.15
11.45 2.88 -7.41 -0.67 2.47 0.43
12.27 4.41 -9.21 -0.29 2.34 0.48
17.09 4.67 -8.79 -0.47 3.24 0.45
8.75 0.04 -11.98 -0.27 1.92 0.46
17.18 0.63 -2.11 -0.91 3.06 0.41
15.11 0.76 -7.90 -0.80 2.82 0.54
11.40 2.83 -13.64 0.08 2.42 0.44
6.31 1.31 -7.65 -0.12 2.50 0.00
16.17 2.65 -9.04 -0.13 3.32 0.34
11.63 2.26 -9.89 -0.39 2.69 0.48
8.64 1.95 -12.09 -0.06 2.78 0.27
16.16 1.69 -8.68 -0.68 3.28 0.61
16.08 2.90 -10.53 -0.56 3.39 0.59
8.16 -0.82 -9.85 0.01 2.70 0.32
13.06 1.94 -11.14 -0.43 3.40 0.39
7.85 -0.13 -10.26 0.13 2.79 0.13
12.71 1.61 -11.78 -0.16 2.73 0.49
11.69 3.50 -9.97 -0.19 3.44 0.15
8.25 2.31 -12.74 0.07 2.94 0.29
9.00 0.60 -10.66 -0.27 2.95 0.33
11.37 3.18 -9.21 -0.13 3.19 0.46
8.10 -1.30 -10.64 -0.15 2.78 0.26
13.00 2.28 -11.21 -0.15 3.49 0.31
11.09 0.87 -10.52 -0.25 3.21 0.57
6.92 2.14 -13.65 0.01 3.06 0.14
8.94 2.19 -10.27 -0.06 2.96 0.30
10.08 2.28 -12.11 -0.14 3.45 0.14
7.11 0.25 -13.59 -0.11 2.78 0.40
10.63 1.82 -11.72 -0.21 2.96 0.39
11.01 1.26 -13.38 -0.13 2.59 0.45
5.87 -1.53 -12.58 -0.35 2.74 0.26
11.43 -0.37 -11.77 -0.44 2.51 0.56
6.59 0.12 -14.85 -0.25 2.59 0.33
5.41 -1.85 -14.31 -0.19 2.78 0.28
7.71 -0.16 -12.76 -0.27 2.45 0.50
9.13 0.71 -14.00 -0.14 2.30 0.59
8.88 0.56 -11.95 -0.47 2.73 0.49
3.06 1.63 -14.96 0.40 3.43 -0.05
15.53 1.45 -11.67 -0.54 2.64 0.91
6.13 -0.91 -10.29 -0.63 3.64 0.20
4.45 1.18 -13.99 -0.16 4.02 0.25
7.40 2.36 -11.56 -0.41 4.50 0.32
6.62 -4.25 -12.58 -0.30 3.09 0.60
7.55 -5.70 -12.15 -0.13 3.16 0.73
15.64 6.16 -12.96 0.17 4.14 0.25
3.59 4.65 -12.82 1.05 4.35 -0.29
5.22 3.45 -15.24 0.70 4.28 -0.31
10.76 5.63 -12.05 0.44 4.29 -0.10
4.49 -1.39 -13.78 0.41 3.55 0.11
5.63 -5.10 -11.63 -0.43 3.56 0.76
10.49 4.16 -11.89 0.26 4.21 -0.12
6.20 1.53 -13.96 0.01 3.79 0.17
10.75 4.46 -13.57 0.15 5.36 -0.32
18.07 0.21 -9.71 -0.45 3.95 1.06
14.79 4.29 -15.46 0.23 4.44 0.27
9.68 4.04 -12.15 -0.02 5.66 -0.43
16.08 1.01 -11.56 -1.30 4.61 0.69
12.94 -1.27 -10.88 -0.69 3.70 0.90
15.31 3.86 -14.14 0.01 4.41 0.39
14.46 4.70 -14.03 -0.08 4.45 0.34
4.78 2.90 -14.06 -0.14 3.21 0.82
10.65 0.53 -9.73 -0.63 4.11 0.36
4.17 2.49 -16.88 0.83 3.76 -0.21
9.11 0.19 -13.93 -0.08 2.13 0.59
7.77 3.03 -14.59 0.17 2.43 0.22
4.33 -0.52 -16.75 0.20 0.57 0.51
-1.15 -0.75 -14.12 -0.27 0.22 0.31
1.26 -1.87 -15.13 0.15 0.07 0.43
0.37 0.66 -14.61 -0.06 0.05 0.31
1.92 1.95 -12.30 -0.15 0.19 0.39
3.41 1.26 -13.19 -0.03 0.46 0.41
2.92 0.12 -13.31 -0.05 0.33 0.52
0.97 2.30 -12.16 -0.22 0.19 0.29
1.76 0.20 -12.11 -0.20 0.18 0.34
2.93 0.37 -12.42 0.01 0.23 0.42
1.96 0.49 -12.19 -0.07 0.24 0.39
4.03 1.40 -11.40 -0.23 0.35 0.55
0.25 1.23 -13.24 -0.09 0.17 0.37
0.70 0.90 -13.82 -0.01 0.08 0.45
1.22 0.98 -14.46 -0.06 0.15 0.49
0.33 1.19 -15.53 -0.02 0.05 0.32
1.33 0.98 -14.37 -0.08 0.11 0.43
1.07 0.89 -13.21 0.05 0.14 0.27
1.36 0.56 -12.68 -0.08 0.14 0.39
2.16 1.77 -13.46 -0.18 0.37 0.37
4.36 0.87 -11.15 -0.17 1.01 0.28
4.61 1.04 -11.20 -0.06 1.12 0.38
6.16 1.56 -13.24 -0.01 1.79 0.20
11.01 2.88 -10.04 -0.52 2.61 0.57
11.13 1.21 -7.76 -0.47 2.17 0.51
13.61 4.69 -8.43 -0.31 2.35 0.45
17.08 4.93 -7.03 -0.66 3.13 0.37
7.35 -0.96 -11.53 -0.36 2.28 0.45
13.82 0.36 -4.90 -0.89 2.99 0.47
14.59 3.46 -10.40 -0.50 3.23 0.51
11.93 0.35 -7.86 -0.65 2.51 0.49
10.80 0.32 -11.19 -0.29 2.84 0.45
12.43 1.52 -10.54 -0.66 2.52 0.33
14.44 2.49 -12.77 -0.39 3.02 0.57
10.07 0.69 -6.33 -0.50 2.67 0.57
9.92 3.35 -9.72 -0.05 3.36 0.13
13.65 1.52 -13.43 -0.41 2.98 0.67
12.38 2.40 -12.75 -0.31 2.72 0.41
11.89 2.92 -11.34 -0.26 2.99 0.48
7.49 2.14 -12.02 0.17 2.70 0.20
9.44 2.61 -11.80 0.12 2.74 0.15
13.52 2.70 -10.79 -0.62 3.33 0.47
11.58 0.66 -12.25 -0.47 2.94 0.78
11.73 0.96 -12.30 -0.18 2.43 0.61
12.52 3.30 -12.92 -0.29 3.27 0.29
11.14 1.49 -13.09 -0.24 2.78 0.43
8.89 1.78 -12.96 0.04 3.03 0.07
14.78 -0.14 -11.51 -0.22 2.86 0.71
10.27 1.55 -11.05 -0.10 3.08 0.39
10.69 0.62 -10.37 -0.39 2.40 0.64
11.44 3.86 -13.48 -0.12 2.89 0.30
7.21 1.72 -14.04 0.16 2.98 0.06
6.38 1.30 -15.26 0.14 2.45 0.28
8.50 0.86 -13.93 0.03 2.49 0.54
6.44 -0.17 -12.63 -0.21 2.20 0.44
9.23 4.26 -13.39 0.03 2.97 0.25
5.86 -0.40 -15.33 -0.22 2.38 0.26
11.86 1.60 -13.15 -0.40 2.29 0.47
7.77 1.83 -16.44 -0.18 2.80 0.16
5.21 0.10 -13.80 -0.08 2.95 0.38
9.35 3.54 -15.47 -0.42 3.13 0.08
0.76 1.55 -14.38 0.04 3.62 -0.25
7.24 5.03 -15.89 0.27 3.51 0.35
13.26 -0.12 -11.52 -1.12 3.65 0.64
7.19 0.58 -13.23 0.28 3.46 0.16
10.12 -5.15 -11.16 -1.05 3.82 1.20
4.70 3.35 -14.65 0.50 4.19 -0.10
2.17 2.75 -15.96 0.63 4.36 -0.31
12.32 0.93 -12.88 0.29 3.30 0.34
6.07 -3.84 -13.44 -0.40 3.23 0.74
-0.85 1.74 -14.93 0.15 4.38 -0.10
7.83 0.53 -11.14 -0.43 4.10 0.38
7.87 -1.79 -15.19 -0.19 3.18 0.61
3.91 -3.38 -14.87 0.20 3.37 0.49
12.95 5.26 -14.88 -0.02 4.32 0.21
9.28 1.49 -15.24 0.11 3.23 0.48
1.03 4.69 -14.87 0.76 4.02 -0.36
15.60 3.01 -13.59 0.07 4.28 0.38
15.94 -1.97 -10.89 -0.62 3.89 1.12
-3.61 -0.54 -16.85 0.31 3.96 -0.22
15.67 3.29 -13.36 -0.80 4.40 0.50
8.73 1.43 -13.44 -0.22 3.71 0.45
3.15 1.30 -16.95 1.00 3.67 -0.19
15.80 0.95 -9.85 -0.35 4.38 0.64
0.77 3.80 -15.08 0.94 4.02 -0.38
15.35 -1.27 -11.34 0.19 2.81 0.85
11.92 3.40 -14.93 -0.41 3.86 0.25
0.51 0.45 -15.63 0.13 2.53 0.13
1.21 1.84 -16.69 0.30 0.79 0.22
0.82 -0.63 -15.34 -0.04 0.21 0.36
-0.10 1.67 -15.51 0.51 0.19 0.15
0.25 0.70 -16.03 0.06 0.12 0.30
1.53 0.32 -13.70 0.01 0.18 0.39
2.55 -0.20 -13.53 0.15 0.34 0.44
1.68 1.71 -13.19 -0.26 0.13 0.42
0.52 2.96 -13.78 -0.21 0.15 0.37
1.07 2.34 -12.45 -0.34 0.16 0.32
2.86 1.58 -12.45 -0.11 0.24 0.30
2.23 0.43 -12.19 -0.01 0.28 0.39
2.64 1.98 -11.72 -0.12 0.23 0.45
2.20 -0.22 -12.71 0.04 0.30 0.35
1.13 2.53 -13.73 -0.05 0.18 0.34
-0.09 0.77 -14.81 -0.06 0.03 0.40
0.72 0.85 -15.20 -0.10 0.08 0.36
0.65 1.76 -14.90 -0.07 0.09 0.36
0.89 2.13 -14.91 -0.01 0.19 0.45
1.63 1.26 -13.93 -0.08 0.08 0.35
1.96 1.31 -13.32 -0.05 0.40 0.34
3.29 1.42 -12.11 -0.15 0.59 0.43
4.85 1.14 -12.28 -0.26 0.99 0.33
6.00 0.57 -11.14 -0.19 1.66 0.15
8.76 3.06 -10.30 -0.42 1.91 0.35
8.11 0.04 -12.97 -0.37 1.80 0.44
10.29 0.32 -6.22 -0.66 2.37 0.37
14.46 2.89 -9.22 -0.94 2.91 0.42
7.96 3.13 -15.46 0.21 1.87 0.30
14.87 4.74 -9.00 -0.41 2.44 0.53
10.54 1.04 -9.89 -0.24 2.75 0.40
11.64 2.33 -11.38 -0.76 2.61 0.31
9.46 1.93 -11.59 -0.22 2.49 0.34
9.50 1.18 -7.69 -0.51 2.75 0.43
12.39 4.10 -13.25 -0.37 3.13 0.58
16.01 2.90 -11.78 -0.61 3.40 0.68
10.35 2.95 -10.24 -0.35 3.02 0.35
13.87 3.11 -11.68 -0.64 3.32 0.29
12.76 2.17 -13.07 -0.18 3.20 0.41
11.26 2.35 -11.58 -0.25 2.83 0.48
10.85 3.26 -11.76 -0.26 3.27 0.24
9.95 0.47 -13.22 -0.35 2.79 0.50
10.79 3.14 -9.96 -0.14 3.19 0.26
12.92 1.09 -12.44 -0.25 2.95 0.76
6.84 0.06 -13.34 -0.47 2.82 0.29
8.82 -1.60 -10.80 -0.49 2.78 0.48
9.62 2.34 -11.62 -0.12 3.02 0.49
6.72 2.09 -14.18 0.02 2.95 0.34
9.31 2.80 -13.39 0.06 2.89 0.19
9.66 0.62 -13.35 -0.18 2.76 0.42
7.35 1.50 -13.50 0.40 3.00 0.05
9.28 1.37 -12.18 -0.40 3.27 0.31
12.79 1.84 -13.26 -0.43 3.00 0.61
8.18 -0.49 -13.24 -0.10 2.42 0.46
9.39 1.34 -14.17 0.16 2.24 0.39
6.05 -1.24 -14.76 -0.18 2.46 0.38
4.62 -1.27 -13.93 -0.42 2.62 0.35
8.79 0.04 -12.50 -0.45 2.62 0.64
13.00 -0.18 -14.85 -0.56 2.85 0.52
7.56 3.61 -14.10 -0.09 2.52 0.41
9.09 2.18 -15.90 -0.28 3.02 0.13
3.59 1.27 -14.73 -0.01 3.04 0.01
7.13 0.92 -13.39 -0.70 3.18 0.56
9.90 4.64 -14.71 0.05 3.88 -0.16
10.88 4.80 -14.34 0.33 3.75 0.14
9.84 -1.67 -11.04 -0.96 3.77 0.69
13.97 -0.28 -12.11 -1.03 4.16 0.74
17.49 -0.84 -10.85 -0.27 3.30 0.81
13.27 -1.88 -9.42 -0.99 3.72 1.00
14.56 0.11 -13.23 -1.12 4.69 0.70
7.63 4.30 -13.72 0.15 4.41 0.04
11.88 3.69 -11.00 0.18 4.04 0.10
5.70 -5.06 -12.52 -0.18 3.22 0.77
5.18 0.14 -12.76 -0.28 4.07 0.32
9.80 0.21 -11.06 -0.39 4.17 0.39
16.70 1.38 -13.88 -0.81 4.33 0.42
17.14 -2.79 -11.04 0.03 3.03 0.98
9.30 3.83 -12.54 0.45 4.15 -0.24
6.81 5.47 -13.63 -0.09 5.56 -0.56
14.12 -1.32 -12.05 0.40 3.01 0.61
13.35 2.45 -10.13 -0.08 3.83 0.43
16.56 -0.79 -10.99 -0.91 3.92 1.18
10.70 3.20 -18.25 0.20 3.62 0.33
16.66 2.40 -13.18 -0.88 4.55 0.44
10.79 0.72 -13.72 -0.41 3.75 0.60
3.55 2.80 -16.47 0.99 4.00 -0.39
15.10 1.16 -9.26 -0.41 4.13 0.62
2.59 -4.35 -13.04 -0.41 2.99 0.71
8.24 0.36 -13.92 -0.23 2.46 0.83
6.02 1.46 -16.31 -0.11 1.67 0.70
-1.71 1.13 -17.61 0.29 -0.04 0.17
0.65 -1.10 -15.82 -0.12 0.06 0.39
1.23 -0.58 -15.35 0.16 0.04 0.52
0.13 0.56 -14.85 0.09 0.20 0.26
0.59 1.94 -13.77 -0.03 0.11 0.38
1.77 0.59 -13.82 -0.08 0.20 0.38
3.44 0.67 -13.68 0.05 0.28 0.45
1.37 0.55 -12.40 -0.16 0.20 0.32
0.66 0.49 -14.01 0.09 0.28 0.35
2.78 2.22 -14.15 -0.10 0.23 0.44
1.29 1.38 -13.60 -0.12 0.18 0.35
2.27 -0.06 -13.78 0.15 0.26 0.36
0.60 0.65 -12.42 -0.02 0.07 0.36
1.22 1.31 -14.62 -0.12 0.11 0.35
1.78 1.30 -16.09 -0.06 0.17 0.39
1.11 1.02 -14.64 -0.06 0.09 0.41
1.11 0.72 -15.63 -0.01 0.15 0.35
0.36 0.61 -14.59 -0.22 0.07 0.36
1.63 1.21 -13.50 -0.03 0.29 0.35
2.94 1.07 -12.59 -0.15 0.70 0.38
3.42 1.10 -12.32 -0.10 0.79 0.27
5.39 2.10 -11.98 -0.26 1.19 0.42
7.37 1.03 -10.41 -0.36 1.60 0.41
6.23 2.50 -14.69 -0.07 1.74 0.59
14.13 1.82 -8.67 -0.88 2.58 0.64
8.39 0.26 -11.63 -0.43 2.46 0.42
6.47 0.20 -12.56 -0.10 1.84 0.52
18.52 4.46 -8.79 -0.69 3.23 0.44
5.79 0.23 -11.42 -0.38 2.24 0.37
13.39 4.35 -11.33 -0.44 2.71 0.54
16.15 2.86 -11.50 -0.28 3.11 0.37
12.59 3.40 -12.87 -0.28 2.81 0.53
11.93 1.40 -9.98 -0.80 2.55 0.44
16.67 1.85 -9.16 -0.65 3.35 0.56
13.82 1.56 -11.53 -0.54 2.86 0.63
9.05 0.63 -13.15 -0.17 2.61 0.42
15.16 3.15 -11.43 -0.53 3.44 0.62
11.12 0.28 -11.89 -0.24 2.82 0.46
8.36 1.33 -13.70 0.26 2.82 0.27
12.93 2.41 -13.68 -0.33 3.09 0.51
9.59 2.57 -12.58 -0.15 3.02 0.26
8.14 1.04 -11.85 -0.21 2.92 0.45
15.46 3.11 -11.74 -0.68 3.45 0.37
10.30 1.48 -11.62 -0.24 2.80 0.33
10.99 0.34 -13.32 -0.17 2.49 0.36
7.93 0.01 -13.02 -0.28 3.05 0.31
7.64 -0.62 -12.74 -0.24 2.75 0.56
7.94 -0.58 -12.18 -0.19 2.69 0.28
9.14 1.93 -12.95 -0.26 3.30 0.20
8.05 0.14 -14.33 -0.25 2.79 0.41
8.63 1.96 -13.02 0.04 2.97 0.24
11.35 2.99 -14.54 -0.07 2.75 0.41
12.29 2.61 -14.53 0.01 2.68 0.47
6.40 1.54 -14.47 -0.48 2.90 0.19
12.51 1.97 -14.05 -0.58 2.91 0.54
4.82 1.38 -15.59 0.02 2.44 0.24
9.13 0.98 -14.09 -0.44 2.98 0.34
11.56 1.53 -13.41 -0.62 2.44 0.56
9.10 2.00 -12.90 -0.19 2.87 0.50
11.91 2.03 -15.69 -0.42 3.32 0.17
2.11 1.69 -15.63 0.35 3.05 -0.08
6.33 5.00 -13.85 0.25 3.83 -0.17
14.54 -0.40 -13.38 -0.60 3.65 0.58
6.95 2.48 -14.85 0.81 3.37 0.05
9.89 1.16 -12.79 -0.61 4.39 0.32
15.32 0.63 -13.24 -0.50 4.06 0.62
7.75 -3.71 -11.92 -0.87 3.33 1.02
14.10 -0.58 -10.10 -0.67 4.29 0.85
16.14 -1.11 -12.03 -0.15 3.66 0.99
8.64 -1.69 -15.52 -0.01 3.26 0.60
13.64 0.84 -14.79 -0.96 4.58 0.53
11.14 -2.15 -11.76 -0.75 3.52 0.80
5.37 3.94 -15.27 0.73 3.80 -0.05
11.49 3.11 -15.92 0.02 4.36 0.21
14.08 0.34 -12.73 -0.85 3.59 1.13
4.84 -2.24 -14.92 -0.19 2.96 0.69
2.79 -5.38 -13.84 -0.15 2.96 0.73
17.62 2.04 -13.84 -0.84 4.62 0.51
9.77 -0.05 -13.55 -0.56 3.73 0.59
-1.47 -0.81 -16.32 -0.01 3.70 0.17
10.50 0.25 -16.24 0.16 3.20 0.64
3.04 -1.77 -15.08 0.64 3.20 0.21
0.47 1.92 -18.10 0.92 3.78 -0.30
15.37 1.08 -13.86 -1.12 5.03 0.80
3.12 -0.50 -16.72 0.66 3.51 0.07
16.10 1.03 -10.82 -0.70 4.38 0.80
1.10 3.74 -16.25 0.81 3.62 -0.22
3.35 0.43 -15.86 0.02 1.64 0.59
0.73 3.47 -16.73 0.11 0.27 0.25
0.23 -0.97 -14.97 -0.03 0.12 0.48
1.03 -1.47 -16.87 0.30 0.17 0.41
0.72 1.94 -16.24 -0.04 0.01 0.39
1.73 0.70 -13.84 0.09 0.25 0.34
1.27 2.51 -15.46 -0.22 0.16 0.41
1.67 1.29 -14.21 -0.13 0.15 0.43
1.39 1.19 -13.96 -0.07 0.12 0.36
1.97 0.68 -14.49 0.05 0.32 0.42
2.49 1.45 -15.47 -0.06 0.27 0.54
1.75 1.74 -13.85 -0.15 0.28 0.41
0.94 0.92 -13.18 -0.04 0.19 0.37
1.16 1.30 -13.75 -0.17 0.12 0.33
0.85 2.28 -14.38 -0.18 0.15 0.37
1.40 0.16 -16.48 0.11 0.12 0.35
0.80 0.84 -16.49 0.04 0.04 0.39
-0.01 1.22 -16.08 0.00 0.07 0.33
0.67 1.34 -15.01 0.01 0.08 0.39
1.62 1.50 -14.92 -0.11 0.16 0.40
1.09 0.80 -14.43 -0.11 0.40 0.26
3.40 1.98 -12.34 -0.16 0.87 0.27
7.99 2.69 -13.53 -0.19 1.41 0.46
7.07 1.61 -12.16 -0.24 1.62 0.37
8.72 1.46 -10.56 -0.41 1.77 0.59
6.23 2.33 -14.74 -0.04 1.83 0.37
11.76 1.38 -6.52 -0.14 2.22 0.38
8.86 -0.19 -11.42 -0.39 2.45 0.47
6.44 -0.74 -9.25 -0.17 1.90 0.35
14.02 4.11 -12.57 -0.32 3.00 0.32
13.18 4.17 -11.59 -0.42 2.44 0.49
10.09 1.50 -15.73 0.08 2.27 0.51
6.71 0.43 -10.01 -0.12 2.71 0.07
11.44 2.56 -12.53 -0.59 2.93 0.38
8.37 2.25 -13.71 -0.12 2.42 0.42
8.89 2.89 -14.69 -0.12 2.62 0.39
12.23 3.44 -11.76 -0.27 2.94 0.58
10.58 -0.04 -8.92 -0.45 2.61 0.60
6.68 -0.29 -12.36 -0.11 2.55 0.28
12.69 1.54 -12.59 -0.46 3.03 0.39
10.14 1.54 -11.96 -0.22 2.79 0.33
9.67 3.32 -12.29 -0.13 3.00 0.25
13.90 1.83 -11.29 -0.62 2.72 0.66
7.91 -0.74 -14.11 -0.33 2.73 0.40
12.86 3.85 -12.88 -0.10 3.42 0.40
13.18 3.71 -14.18 -0.24 2.91 0.71
9.98 1.16 -14.02 -0.36 2.77 0.55
14.52 0.93 -13.04 -0.68 3.34 0.55
11.94 2.65 -14.86 -0.34 3.00 0.36
9.33 2.16 -13.33 0.10 2.84 0.29
11.78 2.28 -14.75 0.02 3.04 0.32
11.85 2.51 -13.65 -0.06 2.73 0.45
8.31 0.68 -13.54 0.10 2.68 0.28
8.08 0.75 -16.60 0.18 2.37 0.34
6.63 -0.45 -16.00 -0.07 2.38 0.36
4.85 0.35 -16.56 0.06 2.52 0.18
7.05 1.79 -16.07 -0.13 2.78 0.37
5.76 2.39 -14.72 0.04 2.42 0.22
6.88 2.43 -13.71 -0.47 2.66 0.29
7.45 2.90 -13.70 -0.24 3.00 0.34
3.80 2.40 -16.06 -0.36 2.88 0.03
9.12 1.17 -11.98 -0.51 2.50 0.73
9.99 6.00 -16.13 0.06 3.40 0.20
6.91 2.07 -15.00 0.31 3.42 0.17
12.12 -1.59 -12.39 -0.71 2.93 0.91
5.36 2.67 -14.26 -0.45 3.93 0.24
4.58 3.97 -14.87 0.87 3.88 -0.20
8.25 2.76 -14.12 -0.19 4.70 0.05
11.17 -0.76 -12.92 -0.59 3.60 0.69
0.39 -0.02 -14.40 -0.18 4.15 0.18
14.83 -1.37 -11.76 -0.81 4.33 0.85
3.20 4.78 -15.09 0.68 3.88 -0.20
4.29 -0.99 -13.81 0.31 3.54 0.19
6.85 5.45 -15.06 0.18 5.31 -0.47
5.73 1.70 -16.98 0.30 3.87 0.16
-2.93 0.33 -17.14 0.61 3.83 -0.23
14.40 4.73 -16.92 0.11 3.95 0.45
15.16 4.52 -15.97 -0.01 4.37 0.40
-3.51 0.39 -17.01 0.30 3.83 -0.17
10.67 4.76 -13.61 0.28 4.04 -0.02
-0.94 3.38 -16.12 0.95 3.86 -0.45
3.18 -1.82 -12.27 -0.49 3.28 0.61
15.83 -1.28 -11.72 0.13 2.85 0.88
2.83 2.73 -18.25 0.49 3.89 -0.04
