0.00 0.00 0.00 0.00 0.00 0.00
-4.54 -1.82 0.94 0.76 -2.33 0.05
-4.54 -1.82 0.94 0.76 -2.33 0.05
-4.54 -1.82 0.94 0.76 -2.33 0.05
-4.54 -1.82 0.94 0.76 -2.33 0.05
-4.54 -1.82 0.94 0.76 -2.33 0.05
-4.54 -1.82 0.94 0.76 -2.33 0.05
-4.54 -1.82 0.94 0.76 -2.33 0.05
-4.54 -1.82 0.94 0.76 -2.33 0.05
-4.54 -1.82 0.94 0.76 -2.33 0.05
-4.54 -1.82 0.94 0.76 -2.33 0.05
-4.54 -1.82 0.94 0.76 -2.33 0.05
-4.54 -1.82 0.94 0.76 -2.33 0.05
-4.54 -1.82 0.94 0.76 -2.33 0.05
-5.03 -0.84 0.26 0.72 -2.31 0.03
-5.03 -0.84 0.26 0.72 -2.31 0.03
-5.03 -0.84 0.26 0.72 -2.31 0.03
-5.03 -0.84 0.26 0.72 -2.31 0.03
-5.03 -0.84 0.26 0.72 -2.31 0.03
-5.03 -0.84 0.26 0.72 -2.31 0.03
-5.03 -0.84 0.26 0.72 -2.31 0.03
-5.03 -0.84 0.26 0.72 -2.31 0.03
-5.03 -0.84 0.26 0.72 -2.31 0.03
-5.03 -0.84 0.26 0.72 -2.31 0.03
-5.03 -0.84 0.26 0.72 -2.31 0.03
-5.03 -0.84 0.26 0.72 -2.31 0.03
-5.03 -0.84 0.26 0.72 -2.31 0.03
-5.03 -0.84 0.26 0.72 -2.31 0.03
-2.92 0.85 -4.11 0.71 -2.26 0.19
-2.92 0.85 -4.11 0.71 -2.26 0.19
-2.92 0.85 -4.11 0.71 -2.26 0.19
-2.92 0.85 -4.11 0.71 -2.26 0.19
-2.92 0.85 -4.11 0.71 -2.26 0.19
-2.92 0.85 -4.11 0.71 -2.26 0.19
-2.92 0.85 -4.11 0.71 -2.26 0.19
-2.92 0.85 -4.11 0.71 -2.26 0.19
-2.92 0.85 -4.11 0.71 -2.26 0.19
-2.92 0.85 -4.11 0.71 -2.26 0.19
-0.26 0.36 -4.29 1.19 -1.26 -0.08
-0.26 0.36 -4.29 1.19 -1.26 -0.08
-0.26 0.36 -4.29 1.19 -1.26 -0.08
-0.26 0.36 -4.29 1.19 -1.26 -0.08
-0.26 0.36 -4.29 1.19 -1.26 -0.08
-0.26 0.36 -4.29 1.19 -1.26 -0.08
-0.26 0.36 -4.29 1.19 -1.26 -0.08
-0.26 0.36 -4.29 1.19 -1.26 -0.08
-0.26 0.36 -4.29 1.19 -1.26 -0.08
-0.26 0.36 -4.29 1.19 -1.26 -0.08
1.93 -0.33 -4.09 1.21 -0.90 0.25
1.93 -0.33 -4.09 1.21 -0.90 0.25
1.93 -0.33 -4.09 1.21 -0.90 0.25
1.93 -0.33 -4.09 1.21 -0.90 0.25
1.93 -0.33 -4.09 1.21 -0.90 0.25
1.93 -0.33 -4.09 1.21 -0.90 0.25
1.93 -0.33 -4.09 1.21 -0.90 0.25
1.93 -0.33 -4.09 1.21 -0.90 0.25
1.93 -0.33 -4.09 1.21 -0.90 0.25
1.93 -0.33 -4.09 1.21 -0.90 0.25
1.93 -0.33 -4.09 1.21 -0.90 0.25
1.00 1.54 -3.53 0.96 -0.96 0.17
1.00 1.54 -3.53 0.96 -0.96 0.17
1.00 1.54 -3.53 0.96 -0.96 0.17
1.00 1.54 -3.53 0.96 -0.96 0.17
1.00 1.54 -3.53 0.96 -0.96 0.17
1.00 1.54 -3.53 0.96 -0.96 0.17
1.00 1.54 -3.53 0.96 -0.96 0.17
1.00 1.54 -3.53 0.96 -0.96 0.17
1.00 1.54 -3.53 0.96 -0.96 0.17
1.00 1.54 -3.53 0.96 -0.96 0.17
1.00 1.54 -3.53 0.96 -0.96 0.17
1.00 1.54 -3.53 0.96 -0.96 0.17
1.00 1.54 -3.53 0.96 -0.96 0.17
-3.64 3.54 1.85 0.08 -1.38 0.03
-3.64 3.54 1.85 0.08 -1.38 0.03
-3.64 3.54 1.85 0.08 -1.38 0.03
-3.64 3.54 1.85 0.08 -1.38 0.03
-3.64 3.54 1.85 0.08 -1.38 0.03
-3.64 3.54 1.85 0.08 -1.38 0.03
-3.64 3.54 1.85 0.08 -1.38 0.03
-3.64 3.54 1.85 0.08 -1.38 0.03
-3.64 3.54 1.85 0.08 -1.38 0.03
-3.64 3.54 1.85 0.08 -1.38 0.03
-7.54 4.12 1.64 0.15 -1.15 -0.31
-7.54 4.12 1.64 0.15 -1.15 -0.31
-7.54 4.12 1.64 0.15 -1.15 -0.31
-7.54 4.12 1.64 0.15 -1.15 -0.31
-7.54 4.12 1.64 0.15 -1.15 -0.31
-7.54 4.12 1.64 0.15 -1.15 -0.31
-7.54 4.12 1.64 0.15 -1.15 -0.31
-7.54 4.12 1.64 0.15 -1.15 -0.31
-7.54 4.12 1.64 0.15 -1.15 -0.31
-7.54 4.12 1.64 0.15 -1.15 -0.31
-7.54 4.12 1.64 0.15 -1.15 -0.31
-7.54 4.12 1.64 0.15 -1.15 -0.31
-7.54 4.12 1.64 0.15 -1.15 -0.31
-7.54 4.12 1.64 0.15 -1.15 -0.31
-22.09 -5.24 7.46 0.70 -3.55 -0.42
-22.09 -5.24 7.46 0.70 -3.55 -0.42
-22.09 -5.24 7.46 0.70 -3.55 -0.42
-22.09 -5.24 7.46 0.70 -3.55 -0.42
-22.09 -5.24 7.46 0.70 -3.55 -0.42
-22.09 -5.24 7.46 0.70 -3.55 -0.42
-22.09 -5.24 7.46 0.70 -3.55 -0.42
-22.09 -5.24 7.46 0.70 -3.55 -0.42
-22.09 -5.24 7.46 0.70 -3.55 -0.42
-22.09 -5.24 7.46 0.70 -3.55 -0.42
-22.09 -5.24 7.46 0.70 -3.55 -0.42
-22.09 -5.24 7.46 0.70 -3.55 -0.42
-22.09 -5.24 7.46 0.70 -3.55 -0.42
-22.09 -5.24 7.46 0.70 -3.55 -0.42
-22.09 -5.24 7.46 0.70 -3.55 -0.42
-22.09 -5.24 7.46 0.70 -3.55 -0.42
-22.09 -5.24 7.46 0.70 -3.55 -0.42
-16.70 -2.92 12.89 0.59 -3.22 -0.43
-16.70 -2.92 12.89 0.59 -3.22 -0.43
-16.70 -2.92 12.89 0.59 -3.22 -0.43
-16.70 -2.92 12.89 0.59 -3.22 -0.43
-16.70 -2.92 12.89 0.59 -3.22 -0.43
-16.70 -2.92 12.89 0.59 -3.22 -0.43
-16.70 -2.92 12.89 0.59 -3.22 -0.43
-16.70 -2.92 12.89 0.59 -3.22 -0.43
-16.70 -2.92 12.89 0.59 -3.22 -0.43
-16.70 -2.92 12.89 0.59 -3.22 -0.43
-12.36 0.77 9.91 0.38 -2.71 -0.35
-12.36 0.77 9.91 0.38 -2.71 -0.35
-12.36 0.77 9.91 0.38 -2.71 -0.35
-12.36 0.77 9.91 0.38 -2.71 -0.35
-12.36 0.77 9.91 0.38 -2.71 -0.35
-12.36 0.77 9.91 0.38 -2.71 -0.35
-12.36 0.77 9.91 0.38 -2.71 -0.35
-12.36 0.77 9.91 0.38 -2.71 -0.35
-12.36 0.77 9.91 0.38 -2.71 -0.35
-9.07 1.34 10.62 0.33 -2.31 -0.17
-9.07 1.34 10.62 0.33 -2.31 -0.17
-9.07 1.34 10.62 0.33 -2.31 -0.17
-9.07 1.34 10.62 0.33 -2.31 -0.17
-9.07 1.34 10.62 0.33 -2.31 -0.17
-9.07 1.34 10.62 0.33 -2.31 -0.17
-9.07 1.34 10.62 0.33 -2.31 -0.17
-9.07 1.34 10.62 0.33 -2.31 -0.17
-9.07 1.34 10.62 0.33 -2.31 -0.17
-9.07 1.34 10.62 0.33 -2.31 -0.17
-9.98 1.95 6.63 0.37 -2.39 -0.21
-9.98 1.95 6.63 0.37 -2.39 -0.21
-9.98 1.95 6.63 0.37 -2.39 -0.21
-9.98 1.95 6.63 0.37 -2.39 -0.21
-9.98 1.95 6.63 0.37 -2.39 -0.21
-9.98 1.95 6.63 0.37 -2.39 -0.21
-9.98 1.95 6.63 0.37 -2.39 -0.21
-9.98 1.95 6.63 0.37 -2.39 -0.21
-9.98 1.95 6.63 0.37 -2.39 -0.21
-7.89 3.56 9.19 0.05 -1.73 -0.25
-7.89 3.56 9.19 0.05 -1.73 -0.25
-7.89 3.56 9.19 0.05 -1.73 -0.25
-7.89 3.56 9.19 0.05 -1.73 -0.25
-7.89 3.56 9.19 0.05 -1.73 -0.25
-7.89 3.56 9.19 0.05 -1.73 -0.25
-7.89 3.56 9.19 0.05 -1.73 -0.25
-7.89 3.56 9.19 0.05 -1.73 -0.25
-7.89 3.56 9.19 0.05 -1.73 -0.25
-7.89 3.56 9.19 0.05 -1.73 -0.25
-6.77 3.03 4.20 0.36 -2.22 -0.06
-6.77 3.03 4.20 0.36 -2.22 -0.06
-6.77 3.03 4.20 0.36 -2.22 -0.06
-6.77 3.03 4.20 0.36 -2.22 -0.06
-6.77 3.03 4.20 0.36 -2.22 -0.06
-6.77 3.03 4.20 0.36 -2.22 -0.06
-6.77 3.03 4.20 0.36 -2.22 -0.06
-6.77 3.03 4.20 0.36 -2.22 -0.06
-6.77 3.03 4.20 0.36 -2.22 -0.06
-6.77 3.03 4.20 0.36 -2.22 -0.06
-4.33 2.66 4.35 0.32 -1.96 -0.04
-4.33 2.66 4.35 0.32 -1.96 -0.04
-4.33 2.66 4.35 0.32 -1.96 -0.04
-4.33 2.66 4.35 0.32 -1.96 -0.04
-4.33 2.66 4.35 0.32 -1.96 -0.04
-4.33 2.66 4.35 0.32 -1.96 -0.04
-4.33 2.66 4.35 0.32 -1.96 -0.04
-4.33 2.66 4.35 0.32 -1.96 -0.04
-4.33 2.66 4.35 0.32 -1.96 -0.04
-2.96 2.37 5.27 0.18 -1.56 0.00
-2.96 2.37 5.27 0.18 -1.56 0.00
-2.96 2.37 5.27 0.18 -1.56 0.00
-2.96 2.37 5.27 0.18 -1.56 0.00
-2.96 2.37 5.27 0.18 -1.56 0.00
-2.96 2.37 5.27 0.18 -1.56 0.00
-2.96 2.37 5.27 0.18 -1.56 0.00
-2.96 2.37 5.27 0.18 -1.56 0.00
-2.96 2.37 5.27 0.18 -1.56 0.00
-2.96 2.37 5.27 0.18 -1.56 0.00
-2.43 -0.03 0.77 0.86 -0.72 -0.04
-2.43 -0.03 0.77 0.86 -0.72 -0.04
-2.43 -0.03 0.77 0.86 -0.72 -0.04
-2.43 -0.03 0.77 0.86 -0.72 -0.04
-2.43 -0.03 0.77 0.86 -0.72 -0.04
-2.43 -0.03 0.77 0.86 -0.72 -0.04
-2.43 -0.03 0.77 0.86 -0.72 -0.04
-2.43 -0.03 0.77 0.86 -0.72 -0.04
-2.43 -0.03 0.77 0.86 -0.72 -0.04
-3.66 3.60 -3.00 0.45 -1.22 -0.06
-3.66 3.60 -3.00 0.45 -1.22 -0.06
-3.66 3.60 -3.00 0.45 -1.22 -0.06
-3.66 3.60 -3.00 0.45 -1.22 -0.06
-3.66 3.60 -3.00 0.45 -1.22 -0.06
-3.66 3.60 -3.00 0.45 -1.22 -0.06
-3.66 3.60 -3.00 0.45 -1.22 -0.06
-3.66 3.60 -3.00 0.45 -1.22 -0.06
-3.66 3.60 -3.00 0.45 -1.22 -0.06
-3.66 3.60 -3.00 0.45 -1.22 -0.06
1.74 5.38 2.45 0.87 -1.86 0.24
1.74 5.38 2.45 0.87 -1.86 0.24
1.74 5.38 2.45 0.87 -1.86 0.24
1.74 5.38 2.45 0.87 -1.86 0.24
-9.77 -0.95 2.37 0.31 -0.49 -0.55
-9.77 -0.95 2.37 0.31 -0.49 -0.55
-9.77 -0.95 2.37 0.31 -0.49 -0.55
-9.77 -0.95 2.37 0.31 -0.49 -0.55
-9.77 -0.95 2.37 0.31 -0.49 -0.55
-9.77 -0.95 2.37 0.31 -0.49 -0.55
-9.77 -0.95 2.37 0.31 -0.49 -0.55
-5.42 1.74 -0.10 0.49 -2.38 0.10
-5.42 1.74 -0.10 0.49 -2.38 0.10
-5.42 1.74 -0.10 0.49 -2.38 0.10
-5.42 1.74 -0.10 0.49 -2.38 0.10
-5.42 1.74 -0.10 0.49 -2.38 0.10
-5.42 1.74 -0.10 0.49 -2.38 0.10
-5.42 1.74 -0.10 0.49 -2.38 0.10
-5.42 1.74 -0.10 0.49 -2.38 0.10
-5.42 1.74 -0.10 0.49 -2.38 0.10
-5.42 1.74 -0.10 0.49 -2.38 0.10
-5.42 1.74 -0.10 0.49 -2.38 0.10
-5.42 1.74 -0.10 0.49 -2.38 0.10
-5.42 1.74 -0.10 0.49 -2.38 0.10
-4.77 -1.08 0.92 0.67 -2.42 0.12
-4.77 -1.08 0.92 0.67 -2.42 0.12
-4.77 -1.08 0.92 0.67 -2.42 0.12
-4.77 -1.08 0.92 0.67 -2.42 0.12
-4.77 -1.08 0.92 0.67 -2.42 0.12
-4.77 -1.08 0.92 0.67 -2.42 0.12
-4.77 -1.08 0.92 0.67 -2.42 0.12
-4.77 -1.08 0.92 0.67 -2.42 0.12
-4.77 -1.08 0.92 0.67 -2.42 0.12
-4.77 -1.08 0.92 0.67 -2.42 0.12
-4.77 -1.08 0.92 0.67 -2.42 0.12
-4.77 -1.08 0.92 0.67 -2.42 0.12
-4.77 -1.08 0.92 0.67 -2.42 0.12
-4.77 -1.08 0.92 0.67 -2.42 0.12
-4.77 -1.08 0.92 0.67 -2.42 0.12
-4.77 -1.08 0.92 0.67 -2.42 0.12
-4.77 -1.08 0.92 0.67 -2.42 0.12
-3.70 0.75 -0.38 0.60 -2.32 -0.08
-3.70 0.75 -0.38 0.60 -2.32 -0.08
-3.70 0.75 -0.38 0.60 -2.32 -0.08
-3.70 0.75 -0.38 0.60 -2.32 -0.08
-3.70 0.75 -0.38 0.60 -2.32 -0.08
-3.70 0.75 -0.38 0.60 -2.32 -0.08
-3.70 0.75 -0.38 0.60 -2.32 -0.08
-3.70 0.75 -0.38 0.60 -2.32 -0.08
-3.70 0.75 -0.38 0.60 -2.32 -0.08
-3.70 0.75 -0.38 0.60 -2.32 -0.08
1.36 -1.07 -4.98 0.91 -1.37 0.13
1.36 -1.07 -4.98 0.91 -1.37 0.13
1.36 -1.07 -4.98 0.91 -1.37 0.13
1.36 -1.07 -4.98 0.91 -1.37 0.13
1.36 -1.07 -4.98 0.91 -1.37 0.13
1.36 -1.07 -4.98 0.91 -1.37 0.13
1.36 -1.07 -4.98 0.91 -1.37 0.13
1.36 -1.07 -4.98 0.91 -1.37 0.13
1.36 -1.07 -4.98 0.91 -1.37 0.13
3.30 -0.35 -1.21 1.13 -1.03 0.23
3.30 -0.35 -1.21 1.13 -1.03 0.23
3.30 -0.35 -1.21 1.13 -1.03 0.23
3.30 -0.35 -1.21 1.13 -1.03 0.23
3.30 -0.35 -1.21 1.13 -1.03 0.23
3.30 -0.35 -1.21 1.13 -1.03 0.23
3.30 -0.35 -1.21 1.13 -1.03 0.23
3.30 -0.35 -1.21 1.13 -1.03 0.23
3.30 -0.35 -1.21 1.13 -1.03 0.23
3.30 -0.35 -1.21 1.13 -1.03 0.23
-1.20 0.01 -3.83 1.18 -1.08 -0.00
-1.20 0.01 -3.83 1.18 -1.08 -0.00
-1.20 0.01 -3.83 1.18 -1.08 -0.00
-1.20 0.01 -3.83 1.18 -1.08 -0.00
-1.20 0.01 -3.83 1.18 -1.08 -0.00
-1.20 0.01 -3.83 1.18 -1.08 -0.00
-1.20 0.01 -3.83 1.18 -1.08 -0.00
-1.20 0.01 -3.83 1.18 -1.08 -0.00
-1.20 0.01 -3.83 1.18 -1.08 -0.00
-1.20 0.01 -3.83 1.18 -1.08 -0.00
-1.20 0.01 -3.83 1.18 -1.08 -0.00
-2.40 1.79 -1.38 0.90 -0.89 -0.15
-2.40 1.79 -1.38 0.90 -0.89 -0.15
-2.40 1.79 -1.38 0.90 -0.89 -0.15
-2.40 1.79 -1.38 0.90 -0.89 -0.15
-2.40 1.79 -1.38 0.90 -0.89 -0.15
-2.40 1.79 -1.38 0.90 -0.89 -0.15
-2.40 1.79 -1.38 0.90 -0.89 -0.15
-2.40 1.79 -1.38 0.90 -0.89 -0.15
-2.40 1.79 -1.38 0.90 -0.89 -0.15
-2.40 1.79 -1.38 0.90 -0.89 -0.15
-2.40 1.79 -1.38 0.90 -0.89 -0.15
-2.40 1.79 -1.38 0.90 -0.89 -0.15
-2.40 1.79 -1.38 0.90 -0.89 -0.15
-5.15 2.02 0.95 0.49 -1.14 -0.22
-5.15 2.02 0.95 0.49 -1.14 -0.22
-5.15 2.02 0.95 0.49 -1.14 -0.22
-5.15 2.02 0.95 0.49 -1.14 -0.22
-5.15 2.02 0.95 0.49 -1.14 -0.22
-5.15 2.02 0.95 0.49 -1.14 -0.22
-5.15 2.02 0.95 0.49 -1.14 -0.22
-5.15 2.02 0.95 0.49 -1.14 -0.22
-5.15 2.02 0.95 0.49 -1.14 -0.22
-5.15 2.02 0.95 0.49 -1.14 -0.22
-3.33 7.37 1.24 0.55 -1.16 -0.22
-3.33 7.37 1.24 0.55 -1.16 -0.22
-3.33 7.37 1.24 0.55 -1.16 -0.22
-3.33 7.37 1.24 0.55 -1.16 -0.22
-3.33 7.37 1.24 0.55 -1.16 -0.22
-3.33 7.37 1.24 0.55 -1.16 -0.22
-3.33 7.37 1.24 0.55 -1.16 -0.22
-3.33 7.37 1.24 0.55 -1.16 -0.22
-3.33 7.37 1.24 0.55 -1.16 -0.22
-3.33 7.37 1.24 0.55 -1.16 -0.22
-3.33 7.37 1.24 0.55 -1.16 -0.22
-3.33 7.37 1.24 0.55 -1.16 -0.22
-3.33 7.37 1.24 0.55 -1.16 -0.22
-3.33 7.37 1.24 0.55 -1.16 -0.22
-15.13 0.48 10.57 0.44 -2.88 -0.37
-15.13 0.48 10.57 0.44 -2.88 -0.37
-15.13 0.48 10.57 0.44 -2.88 -0.37
-15.13 0.48 10.57 0.44 -2.88 -0.37
-15.13 0.48 10.57 0.44 -2.88 -0.37
-15.13 0.48 10.57 0.44 -2.88 -0.37
-15.13 0.48 10.57 0.44 -2.88 -0.37
-15.13 0.48 10.57 0.44 -2.88 -0.37
-15.13 0.48 10.57 0.44 -2.88 -0.37
-15.51 0.77 11.81 0.34 -2.91 -0.45
-15.51 0.77 11.81 0.34 -2.91 -0.45
-15.51 0.77 11.81 0.34 -2.91 -0.45
-15.51 0.77 11.81 0.34 -2.91 -0.45
-15.51 0.77 11.81 0.34 -2.91 -0.45
-15.51 0.77 11.81 0.34 -2.91 -0.45
-15.51 0.77 11.81 0.34 -2.91 -0.45
-15.51 0.77 11.81 0.34 -2.91 -0.45
-15.51 0.77 11.81 0.34 -2.91 -0.45
-15.51 0.77 11.81 0.34 -2.91 -0.45
-17.24 1.16 12.48 0.31 -2.99 -0.49
-17.24 1.16 12.48 0.31 -2.99 -0.49
-17.24 1.16 12.48 0.31 -2.99 -0.49
-17.24 1.16 12.48 0.31 -2.99 -0.49
-17.24 1.16 12.48 0.31 -2.99 -0.49
-17.24 1.16 12.48 0.31 -2.99 -0.49
-17.24 1.16 12.48 0.31 -2.99 -0.49
-17.24 1.16 12.48 0.31 -2.99 -0.49
-17.24 1.16 12.48 0.31 -2.99 -0.49
-17.24 1.16 12.48 0.31 -2.99 -0.49
-13.64 1.03 9.35 0.22 -2.93 -0.32
-13.64 1.03 9.35 0.22 -2.93 -0.32
-13.64 1.03 9.35 0.22 -2.93 -0.32
-13.64 1.03 9.35 0.22 -2.93 -0.32
-13.64 1.03 9.35 0.22 -2.93 -0.32
-13.64 1.03 9.35 0.22 -2.93 -0.32
-13.64 1.03 9.35 0.22 -2.93 -0.32
-13.64 1.03 9.35 0.22 -2.93 -0.32
-13.64 1.03 9.35 0.22 -2.93 -0.32
-13.64 1.03 9.35 0.22 -2.93 -0.32
-11.37 2.22 6.18 0.43 -2.60 -0.30
-11.37 2.22 6.18 0.43 -2.60 -0.30
-11.37 2.22 6.18 0.43 -2.60 -0.30
-11.37 2.22 6.18 0.43 -2.60 -0.30
-11.37 2.22 6.18 0.43 -2.60 -0.30
-11.37 2.22 6.18 0.43 -2.60 -0.30
-11.37 2.22 6.18 0.43 -2.60 -0.30
-11.37 2.22 6.18 0.43 -2.60 -0.30
-11.37 2.22 6.18 0.43 -2.60 -0.30
-11.37 2.22 6.18 0.43 -2.60 -0.30
-8.21 3.12 6.24 0.06 -1.75 -0.23
-8.21 3.12 6.24 0.06 -1.75 -0.23
-8.21 3.12 6.24 0.06 -1.75 -0.23
-8.21 3.12 6.24 0.06 -1.75 -0.23
-8.21 3.12 6.24 0.06 -1.75 -0.23
-8.21 3.12 6.24 0.06 -1.75 -0.23
-8.21 3.12 6.24 0.06 -1.75 -0.23
-8.21 3.12 6.24 0.06 -1.75 -0.23
-8.21 3.12 6.24 0.06 -1.75 -0.23
-4.68 2.77 2.48 0.25 -2.16 0.08
-4.68 2.77 2.48 0.25 -2.16 0.08
-4.68 2.77 2.48 0.25 -2.16 0.08
-4.68 2.77 2.48 0.25 -2.16 0.08
-4.68 2.77 2.48 0.25 -2.16 0.08
-4.68 2.77 2.48 0.25 -2.16 0.08
-4.68 2.77 2.48 0.25 -2.16 0.08
-4.68 2.77 2.48 0.25 -2.16 0.08
-4.68 2.77 2.48 0.25 -2.16 0.08
-4.68 2.77 2.48 0.25 -2.16 0.08
-4.24 1.83 4.03 0.19 -1.98 0.14
-4.24 1.83 4.03 0.19 -1.98 0.14
-4.24 1.83 4.03 0.19 -1.98 0.14
-4.24 1.83 4.03 0.19 -1.98 0.14
-4.24 1.83 4.03 0.19 -1.98 0.14
-4.24 1.83 4.03 0.19 -1.98 0.14
-4.24 1.83 4.03 0.19 -1.98 0.14
-4.24 1.83 4.03 0.19 -1.98 0.14
-4.24 1.83 4.03 0.19 -1.98 0.14
-2.81 2.41 2.95 0.31 -1.80 0.20
-2.81 2.41 2.95 0.31 -1.80 0.20
-2.81 2.41 2.95 0.31 -1.80 0.20
-2.81 2.41 2.95 0.31 -1.80 0.20
-2.81 2.41 2.95 0.31 -1.80 0.20
-2.81 2.41 2.95 0.31 -1.80 0.20
-2.81 2.41 2.95 0.31 -1.80 0.20
-2.81 2.41 2.95 0.31 -1.80 0.20
-2.81 2.41 2.95 0.31 -1.80 0.20
-2.81 2.41 2.95 0.31 -1.80 0.20
-0.05 -0.60 1.41 0.69 -0.42 0.11
-0.05 -0.60 1.41 0.69 -0.42 0.11
-0.05 -0.60 1.41 0.69 -0.42 0.11
-0.05 -0.60 1.41 0.69 -0.42 0.11
-0.05 -0.60 1.41 0.69 -0.42 0.11
-0.05 -0.60 1.41 0.69 -0.42 0.11
-0.05 -0.60 1.41 0.69 -0.42 0.11
-0.05 -0.60 1.41 0.69 -0.42 0.11
-0.05 -0.60 1.41 0.69 -0.42 0.11
1.09 4.61 -2.09 0.67 -1.30 0.13
1.09 4.61 -2.09 0.67 -1.30 0.13
1.09 4.61 -2.09 0.67 -1.30 0.13
1.09 4.61 -2.09 0.67 -1.30 0.13
1.09 4.61 -2.09 0.67 -1.30 0.13
1.09 4.61 -2.09 0.67 -1.30 0.13
1.09 4.61 -2.09 0.67 -1.30 0.13
1.09 4.61 -2.09 0.67 -1.30 0.13
1.09 4.61 -2.09 0.67 -1.30 0.13
1.09 4.61 -2.09 0.67 -1.30 0.13
1.62 1.39 -1.59 0.55 -0.96 0.05
1.62 1.39 -1.59 0.55 -0.96 0.05
1.62 1.39 -1.59 0.55 -0.96 0.05
1.62 1.39 -1.59 0.55 -0.96 0.05
-3.69 0.91 1.34 -0.02 -0.72 -0.08
-3.69 0.91 1.34 -0.02 -0.72 -0.08
-3.69 0.91 1.34 -0.02 -0.72 -0.08
-3.69 0.91 1.34 -0.02 -0.72 -0.08
-3.69 0.91 1.34 -0.02 -0.72 -0.08
-3.69 0.91 1.34 -0.02 -0.72 -0.08
-3.69 0.91 1.34 -0.02 -0.72 -0.08
-4.49 2.23 -1.81 0.31 -2.38 0.05
-4.49 2.23 -1.81 0.31 -2.38 0.05
-4.49 2.23 -1.81 0.31 -2.38 0.05
-4.49 2.23 -1.81 0.31 -2.38 0.05
-4.49 2.23 -1.81 0.31 -2.38 0.05
-4.49 2.23 -1.81 0.31 -2.38 0.05
-4.49 2.23 -1.81 0.31 -2.38 0.05
-4.49 2.23 -1.81 0.31 -2.38 0.05
-4.49 2.23 -1.81 0.31 -2.38 0.05
-4.49 2.23 -1.81 0.31 -2.38 0.05
-4.49 2.23 -1.81 0.31 -2.38 0.05
-4.49 2.23 -1.81 0.31 -2.38 0.05
-4.49 2.23 -1.81 0.31 -2.38 0.05
-4.26 -0.33 -0.30 0.59 -2.37 0.37
-4.26 -0.33 -0.30 0.59 -2.37 0.37
-4.26 -0.33 -0.30 0.59 -2.37 0.37
-4.26 -0.33 -0.30 0.59 -2.37 0.37
-4.26 -0.33 -0.30 0.59 -2.37 0.37
-4.26 -0.33 -0.30 0.59 -2.37 0.37
-4.26 -0.33 -0.30 0.59 -2.37 0.37
-4.26 -0.33 -0.30 0.59 -2.37 0.37
-4.26 -0.33 -0.30 0.59 -2.37 0.37
-4.26 -0.33 -0.30 0.59 -2.37 0.37
-4.26 -0.33 -0.30 0.59 -2.37 0.37
-4.26 -0.33 -0.30 0.59 -2.37 0.37
-4.26 -0.33 -0.30 0.59 -2.37 0.37
-4.26 -0.33 -0.30 0.59 -2.37 0.37
-4.26 -0.33 -0.30 0.59 -2.37 0.37
-4.26 -0.33 -0.30 0.59 -2.37 0.37
-4.26 -0.33 -0.30 0.59 -2.37 0.37
-3.93 0.53 -2.00 0.66 -2.23 -0.06
-3.93 0.53 -2.00 0.66 -2.23 -0.06
-3.93 0.53 -2.00 0.66 -2.23 -0.06
-3.93 0.53 -2.00 0.66 -2.23 -0.06
-3.93 0.53 -2.00 0.66 -2.23 -0.06
-3.93 0.53 -2.00 0.66 -2.23 -0.06
-3.93 0.53 -2.00 0.66 -2.23 -0.06
-3.93 0.53 -2.00 0.66 -2.23 -0.06
-3.93 0.53 -2.00 0.66 -2.23 -0.06
-3.93 0.53 -2.00 0.66 -2.23 -0.06
0.98 -1.50 -5.50 1.19 -1.42 0.21
0.98 -1.50 -5.50 1.19 -1.42 0.21
0.98 -1.50 -5.50 1.19 -1.42 0.21
0.98 -1.50 -5.50 1.19 -1.42 0.21
0.98 -1.50 -5.50 1.19 -1.42 0.21
0.98 -1.50 -5.50 1.19 -1.42 0.21
0.98 -1.50 -5.50 1.19 -1.42 0.21
0.98 -1.50 -5.50 1.19 -1.42 0.21
0.98 -1.50 -5.50 1.19 -1.42 0.21
0.98 -1.50 -5.50 1.19 -1.42 0.21
1.53 0.04 -3.82 1.11 -0.56 -0.03
1.53 0.04 -3.82 1.11 -0.56 -0.03
1.53 0.04 -3.82 1.11 -0.56 -0.03
1.53 0.04 -3.82 1.11 -0.56 -0.03
1.53 0.04 -3.82 1.11 -0.56 -0.03
1.53 0.04 -3.82 1.11 -0.56 -0.03
1.53 0.04 -3.82 1.11 -0.56 -0.03
1.53 0.04 -3.82 1.11 -0.56 -0.03
1.53 0.04 -3.82 1.11 -0.56 -0.03
0.98 -0.82 -4.82 1.05 -1.17 0.16
0.98 -0.82 -4.82 1.05 -1.17 0.16
0.98 -0.82 -4.82 1.05 -1.17 0.16
0.98 -0.82 -4.82 1.05 -1.17 0.16
0.98 -0.82 -4.82 1.05 -1.17 0.16
0.98 -0.82 -4.82 1.05 -1.17 0.16
0.98 -0.82 -4.82 1.05 -1.17 0.16
0.98 -0.82 -4.82 1.05 -1.17 0.16
0.98 -0.82 -4.82 1.05 -1.17 0.16
0.98 -0.82 -4.82 1.05 -1.17 0.16
0.98 -0.82 -4.82 1.05 -1.17 0.16
0.98 -0.82 -4.82 1.05 -1.17 0.16
2.15 -2.49 -2.95 1.26 -0.90 0.21
2.15 -2.49 -2.95 1.26 -0.90 0.21
2.15 -2.49 -2.95 1.26 -0.90 0.21
2.15 -2.49 -2.95 1.26 -0.90 0.21
2.15 -2.49 -2.95 1.26 -0.90 0.21
2.15 -2.49 -2.95 1.26 -0.90 0.21
2.15 -2.49 -2.95 1.26 -0.90 0.21
2.15 -2.49 -2.95 1.26 -0.90 0.21
2.15 -2.49 -2.95 1.26 -0.90 0.21
2.15 -2.49 -2.95 1.26 -0.90 0.21
2.15 -2.49 -2.95 1.26 -0.90 0.21
2.15 -2.49 -2.95 1.26 -0.90 0.21
2.15 -2.49 -2.95 1.26 -0.90 0.21
-3.81 2.47 -0.59 0.82 -1.18 -0.28
-3.81 2.47 -0.59 0.82 -1.18 -0.28
-3.81 2.47 -0.59 0.82 -1.18 -0.28
-3.81 2.47 -0.59 0.82 -1.18 -0.28
-3.81 2.47 -0.59 0.82 -1.18 -0.28
-3.81 2.47 -0.59 0.82 -1.18 -0.28
-3.81 2.47 -0.59 0.82 -1.18 -0.28
-3.81 2.47 -0.59 0.82 -1.18 -0.28
-3.81 2.47 -0.59 0.82 -1.18 -0.28
-3.81 2.47 -0.59 0.82 -1.18 -0.28
-3.47 8.31 0.08 0.81 -1.07 -0.38
-3.47 8.31 0.08 0.81 -1.07 -0.38
-3.47 8.31 0.08 0.81 -1.07 -0.38
-3.47 8.31 0.08 0.81 -1.07 -0.38
-3.47 8.31 0.08 0.81 -1.07 -0.38
-3.47 8.31 0.08 0.81 -1.07 -0.38
-3.47 8.31 0.08 0.81 -1.07 -0.38
-3.47 8.31 0.08 0.81 -1.07 -0.38
-3.47 8.31 0.08 0.81 -1.07 -0.38
-3.47 8.31 0.08 0.81 -1.07 -0.38
-3.47 8.31 0.08 0.81 -1.07 -0.38
-3.47 8.31 0.08 0.81 -1.07 -0.38
-3.47 8.31 0.08 0.81 -1.07 -0.38
-3.47 8.31 0.08 0.81 -1.07 -0.38
-15.09 1.07 10.40 0.36 -2.97 -0.38
-15.09 1.07 10.40 0.36 -2.97 -0.38
-15.09 1.07 10.40 0.36 -2.97 -0.38
-15.09 1.07 10.40 0.36 -2.97 -0.38
-15.09 1.07 10.40 0.36 -2.97 -0.38
-15.09 1.07 10.40 0.36 -2.97 -0.38
-15.09 1.07 10.40 0.36 -2.97 -0.38
-15.09 1.07 10.40 0.36 -2.97 -0.38
-15.09 1.07 10.40 0.36 -2.97 -0.38
-15.28 0.69 11.45 0.39 -2.92 -0.40
-15.28 0.69 11.45 0.39 -2.92 -0.40
-15.28 0.69 11.45 0.39 -2.92 -0.40
-15.28 0.69 11.45 0.39 -2.92 -0.40
-15.28 0.69 11.45 0.39 -2.92 -0.40
-15.28 0.69 11.45 0.39 -2.92 -0.40
-15.28 0.69 11.45 0.39 -2.92 -0.40
-15.28 0.69 11.45 0.39 -2.92 -0.40
-15.28 0.69 11.45 0.39 -2.92 -0.40
-15.28 0.69 11.45 0.39 -2.92 -0.40
-11.58 1.14 6.96 0.29 -2.74 -0.18
-11.58 1.14 6.96 0.29 -2.74 -0.18
-11.58 1.14 6.96 0.29 -2.74 -0.18
-11.58 1.14 6.96 0.29 -2.74 -0.18
-11.58 1.14 6.96 0.29 -2.74 -0.18
-11.58 1.14 6.96 0.29 -2.74 -0.18
-11.58 1.14 6.96 0.29 -2.74 -0.18
-11.58 1.14 6.96 0.29 -2.74 -0.18
-11.58 1.14 6.96 0.29 -2.74 -0.18
-9.48 1.82 7.83 0.23 -2.42 -0.18
-9.48 1.82 7.83 0.23 -2.42 -0.18
-9.48 1.82 7.83 0.23 -2.42 -0.18
-9.48 1.82 7.83 0.23 -2.42 -0.18
-9.48 1.82 7.83 0.23 -2.42 -0.18
-9.48 1.82 7.83 0.23 -2.42 -0.18
-9.48 1.82 7.83 0.23 -2.42 -0.18
-9.48 1.82 7.83 0.23 -2.42 -0.18
-9.48 1.82 7.83 0.23 -2.42 -0.18
-9.48 1.82 7.83 0.23 -2.42 -0.18
-8.46 1.61 6.50 0.27 -2.37 -0.10
-8.46 1.61 6.50 0.27 -2.37 -0.10
-8.46 1.61 6.50 0.27 -2.37 -0.10
-8.46 1.61 6.50 0.27 -2.37 -0.10
-8.46 1.61 6.50 0.27 -2.37 -0.10
-8.46 1.61 6.50 0.27 -2.37 -0.10
-8.46 1.61 6.50 0.27 -2.37 -0.10
-8.46 1.61 6.50 0.27 -2.37 -0.10
-8.46 1.61 6.50 0.27 -2.37 -0.10
-7.78 3.92 6.42 0.08 -1.73 -0.24
-7.78 3.92 6.42 0.08 -1.73 -0.24
-7.78 3.92 6.42 0.08 -1.73 -0.24
-7.78 3.92 6.42 0.08 -1.73 -0.24
-7.78 3.92 6.42 0.08 -1.73 -0.24
-7.78 3.92 6.42 0.08 -1.73 -0.24
-7.78 3.92 6.42 0.08 -1.73 -0.24
-7.78 3.92 6.42 0.08 -1.73 -0.24
-7.78 3.92 6.42 0.08 -1.73 -0.24
-7.78 3.92 6.42 0.08 -1.73 -0.24
-4.57 2.63 1.53 0.23 -2.16 0.05
-4.57 2.63 1.53 0.23 -2.16 0.05
-4.57 2.63 1.53 0.23 -2.16 0.05
-4.57 2.63 1.53 0.23 -2.16 0.05
-4.57 2.63 1.53 0.23 -2.16 0.05
-4.57 2.63 1.53 0.23 -2.16 0.05
-4.57 2.63 1.53 0.23 -2.16 0.05
-4.57 2.63 1.53 0.23 -2.16 0.05
-4.57 2.63 1.53 0.23 -2.16 0.05
-4.57 2.63 1.53 0.23 -2.16 0.05
-4.25 1.40 3.48 0.23 -1.98 0.13
-4.25 1.40 3.48 0.23 -1.98 0.13
-4.25 1.40 3.48 0.23 -1.98 0.13
-4.25 1.40 3.48 0.23 -1.98 0.13
-4.25 1.40 3.48 0.23 -1.98 0.13
-4.25 1.40 3.48 0.23 -1.98 0.13
-4.25 1.40 3.48 0.23 -1.98 0.13
-4.25 1.40 3.48 0.23 -1.98 0.13
-4.25 1.40 3.48 0.23 -1.98 0.13
-4.82 3.09 2.28 0.56 -1.45 -0.00
-4.82 3.09 2.28 0.56 -1.45 -0.00
-4.82 3.09 2.28 0.56 -1.45 -0.00
-4.82 3.09 2.28 0.56 -1.45 -0.00
-4.82 3.09 2.28 0.56 -1.45 -0.00
-4.82 3.09 2.28 0.56 -1.45 -0.00
-4.82 3.09 2.28 0.56 -1.45 -0.00
-4.82 3.09 2.28 0.56 -1.45 -0.00
-4.82 3.09 2.28 0.56 -1.45 -0.00
-4.65 -0.52 2.26 0.36 -0.90 0.08
-4.65 -0.52 2.26 0.36 -0.90 0.08
-4.65 -0.52 2.26 0.36 -0.90 0.08
-4.65 -0.52 2.26 0.36 -0.90 0.08
-4.65 -0.52 2.26 0.36 -0.90 0.08
-4.65 -0.52 2.26 0.36 -0.90 0.08
-4.65 -0.52 2.26 0.36 -0.90 0.08
-4.65 -0.52 2.26 0.36 -0.90 0.08
-4.65 -0.52 2.26 0.36 -0.90 0.08
-4.65 -0.52 2.26 0.36 -0.90 0.08
-5.17 3.91 0.89 1.02 -1.61 0.02
-5.17 3.91 0.89 1.02 -1.61 0.02
-5.17 3.91 0.89 1.02 -1.61 0.02
-5.17 3.91 0.89 1.02 -1.61 0.02
-5.17 3.91 0.89 1.02 -1.61 0.02
-5.17 3.91 0.89 1.02 -1.61 0.02
-5.17 3.91 0.89 1.02 -1.61 0.02
-5.17 3.91 0.89 1.02 -1.61 0.02
-5.17 3.91 0.89 1.02 -1.61 0.02
-2.51 3.14 2.17 0.65 -1.13 0.25
-2.51 3.14 2.17 0.65 -1.13 0.25
-2.51 3.14 2.17 0.65 -1.13 0.25
-2.51 3.14 2.17 0.65 -1.13 0.25
1.51 3.77 -1.49 0.78 -1.32 0.30
1.51 3.77 -1.49 0.78 -1.32 0.30
1.51 3.77 -1.49 0.78 -1.32 0.30
1.51 3.77 -1.49 0.78 -1.32 0.30
1.51 3.77 -1.49 0.78 -1.32 0.30
1.51 3.77 -1.49 0.78 -1.32 0.30
1.51 3.77 -1.49 0.78 -1.32 0.30
1.51 3.77 -1.49 0.78 -1.32 0.30
-5.26 3.12 -0.72 0.34 -2.38 -0.05
-5.26 3.12 -0.72 0.34 -2.38 -0.05
-5.26 3.12 -0.72 0.34 -2.38 -0.05
-5.26 3.12 -0.72 0.34 -2.38 -0.05
-5.26 3.12 -0.72 0.34 -2.38 -0.05
-5.26 3.12 -0.72 0.34 -2.38 -0.05
-5.26 3.12 -0.72 0.34 -2.38 -0.05
-5.26 3.12 -0.72 0.34 -2.38 -0.05
-5.26 3.12 -0.72 0.34 -2.38 -0.05
-5.26 3.12 -0.72 0.34 -2.38 -0.05
-5.26 3.12 -0.72 0.34 -2.38 -0.05
-5.26 3.12 -0.72 0.34 -2.38 -0.05
-4.57 -0.41 -0.02 0.56 -2.42 0.33
-4.57 -0.41 -0.02 0.56 -2.42 0.33
-4.57 -0.41 -0.02 0.56 -2.42 0.33
-4.57 -0.41 -0.02 0.56 -2.42 0.33
-4.57 -0.41 -0.02 0.56 -2.42 0.33
-4.57 -0.41 -0.02 0.56 -2.42 0.33
-4.57 -0.41 -0.02 0.56 -2.42 0.33
-4.57 -0.41 -0.02 0.56 -2.42 0.33
-4.57 -0.41 -0.02 0.56 -2.42 0.33
-4.57 -0.41 -0.02 0.56 -2.42 0.33
-4.57 -0.41 -0.02 0.56 -2.42 0.33
-4.57 -0.41 -0.02 0.56 -2.42 0.33
-4.57 -0.41 -0.02 0.56 -2.42 0.33
-4.57 -0.41 -0.02 0.56 -2.42 0.33
-4.57 -0.41 -0.02 0.56 -2.42 0.33
-4.57 -0.41 -0.02 0.56 -2.42 0.33
-4.57 -0.41 -0.02 0.56 -2.42 0.33
-3.33 0.72 -0.93 0.65 -2.25 0.02
-3.33 0.72 -0.93 0.65 -2.25 0.02
-3.33 0.72 -0.93 0.65 -2.25 0.02
-3.33 0.72 -0.93 0.65 -2.25 0.02
-3.33 0.72 -0.93 0.65 -2.25 0.02
-3.33 0.72 -0.93 0.65 -2.25 0.02
-3.33 0.72 -0.93 0.65 -2.25 0.02
-3.33 0.72 -0.93 0.65 -2.25 0.02
-3.33 0.72 -0.93 0.65 -2.25 0.02
-3.33 0.72 -0.93 0.65 -2.25 0.02
0.52 0.17 -6.03 1.28 -1.37 0.05
0.52 0.17 -6.03 1.28 -1.37 0.05
0.52 0.17 -6.03 1.28 -1.37 0.05
0.52 0.17 -6.03 1.28 -1.37 0.05
0.52 0.17 -6.03 1.28 -1.37 0.05
0.52 0.17 -6.03 1.28 -1.37 0.05
0.52 0.17 -6.03 1.28 -1.37 0.05
0.52 0.17 -6.03 1.28 -1.37 0.05
0.52 0.17 -6.03 1.28 -1.37 0.05
0.75 -1.44 -2.86 1.16 -0.73 0.02
0.75 -1.44 -2.86 1.16 -0.73 0.02
0.75 -1.44 -2.86 1.16 -0.73 0.02
0.75 -1.44 -2.86 1.16 -0.73 0.02
0.75 -1.44 -2.86 1.16 -0.73 0.02
0.75 -1.44 -2.86 1.16 -0.73 0.02
0.75 -1.44 -2.86 1.16 -0.73 0.02
0.75 -1.44 -2.86 1.16 -0.73 0.02
0.75 -1.44 -2.86 1.16 -0.73 0.02
0.75 -1.44 -2.86 1.16 -0.73 0.02
1.61 -0.55 -5.75 1.06 -1.04 0.32
1.61 -0.55 -5.75 1.06 -1.04 0.32
1.61 -0.55 -5.75 1.06 -1.04 0.32
1.61 -0.55 -5.75 1.06 -1.04 0.32
1.61 -0.55 -5.75 1.06 -1.04 0.32
1.61 -0.55 -5.75 1.06 -1.04 0.32
1.61 -0.55 -5.75 1.06 -1.04 0.32
1.61 -0.55 -5.75 1.06 -1.04 0.32
1.61 -0.55 -5.75 1.06 -1.04 0.32
1.61 -0.55 -5.75 1.06 -1.04 0.32
1.61 -0.55 -5.75 1.06 -1.04 0.32
1.61 -0.55 -5.75 1.06 -1.04 0.32
-1.48 2.97 -2.65 0.50 -1.25 0.16
-1.48 2.97 -2.65 0.50 -1.25 0.16
-1.48 2.97 -2.65 0.50 -1.25 0.16
-1.48 2.97 -2.65 0.50 -1.25 0.16
-1.48 2.97 -2.65 0.50 -1.25 0.16
-1.48 2.97 -2.65 0.50 -1.25 0.16
-1.48 2.97 -2.65 0.50 -1.25 0.16
-1.48 2.97 -2.65 0.50 -1.25 0.16
-1.48 2.97 -2.65 0.50 -1.25 0.16
-1.48 2.97 -2.65 0.50 -1.25 0.16
-1.48 2.97 -2.65 0.50 -1.25 0.16
-1.48 2.97 -2.65 0.50 -1.25 0.16
-1.80 1.76 2.87 0.38 -1.43 0.36
-1.80 1.76 2.87 0.38 -1.43 0.36
-1.80 1.76 2.87 0.38 -1.43 0.36
-1.80 1.76 2.87 0.38 -1.43 0.36
-1.80 1.76 2.87 0.38 -1.43 0.36
-1.80 1.76 2.87 0.38 -1.43 0.36
-1.80 1.76 2.87 0.38 -1.43 0.36
-1.80 1.76 2.87 0.38 -1.43 0.36
-1.80 1.76 2.87 0.38 -1.43 0.36
-1.80 1.76 2.87 0.38 -1.43 0.36
-4.08 5.23 2.92 0.02 -1.04 -0.16
-4.08 5.23 2.92 0.02 -1.04 -0.16
-4.08 5.23 2.92 0.02 -1.04 -0.16
-4.08 5.23 2.92 0.02 -1.04 -0.16
-4.08 5.23 2.92 0.02 -1.04 -0.16
-4.08 5.23 2.92 0.02 -1.04 -0.16
-4.08 5.23 2.92 0.02 -1.04 -0.16
-4.08 5.23 2.92 0.02 -1.04 -0.16
-4.08 5.23 2.92 0.02 -1.04 -0.16
-4.08 5.23 2.92 0.02 -1.04 -0.16
-4.08 5.23 2.92 0.02 -1.04 -0.16
-4.08 5.23 2.92 0.02 -1.04 -0.16
-4.08 5.23 2.92 0.02 -1.04 -0.16
-17.70 -1.23 9.27 0.42 -3.21 -0.41
-17.70 -1.23 9.27 0.42 -3.21 -0.41
-17.70 -1.23 9.27 0.42 -3.21 -0.41
-17.70 -1.23 9.27 0.42 -3.21 -0.41
-17.70 -1.23 9.27 0.42 -3.21 -0.41
-17.70 -1.23 9.27 0.42 -3.21 -0.41
-17.70 -1.23 9.27 0.42 -3.21 -0.41
-17.70 -1.23 9.27 0.42 -3.21 -0.41
-17.70 -1.23 9.27 0.42 -3.21 -0.41
-17.70 -1.23 9.27 0.42 -3.21 -0.41
-17.70 -1.23 9.27 0.42 -3.21 -0.41
-17.70 -1.23 9.27 0.42 -3.21 -0.41
-17.70 -1.23 9.27 0.42 -3.21 -0.41
-17.70 -1.23 9.27 0.42 -3.21 -0.41
-17.70 -1.23 9.27 0.42 -3.21 -0.41
-17.70 -1.23 9.27 0.42 -3.21 -0.41
-18.51 -0.47 11.48 0.25 -3.29 -0.44
-18.51 -0.47 11.48 0.25 -3.29 -0.44
-18.51 -0.47 11.48 0.25 -3.29 -0.44
-18.51 -0.47 11.48 0.25 -3.29 -0.44
-18.51 -0.47 11.48 0.25 -3.29 -0.44
-18.51 -0.47 11.48 0.25 -3.29 -0.44
-18.51 -0.47 11.48 0.25 -3.29 -0.44
-18.51 -0.47 11.48 0.25 -3.29 -0.44
-18.51 -0.47 11.48 0.25 -3.29 -0.44
-13.38 0.56 9.07 0.31 -2.88 -0.30
-13.38 0.56 9.07 0.31 -2.88 -0.30
-13.38 0.56 9.07 0.31 -2.88 -0.30
-13.38 0.56 9.07 0.31 -2.88 -0.30
-13.38 0.56 9.07 0.31 -2.88 -0.30
-13.38 0.56 9.07 0.31 -2.88 -0.30
-13.38 0.56 9.07 0.31 -2.88 -0.30
-13.38 0.56 9.07 0.31 -2.88 -0.30
-13.38 0.56 9.07 0.31 -2.88 -0.30
-13.38 0.56 9.07 0.31 -2.88 -0.30
-9.13 1.18 9.88 0.28 -2.38 -0.17
-9.13 1.18 9.88 0.28 -2.38 -0.17
-9.13 1.18 9.88 0.28 -2.38 -0.17
-9.13 1.18 9.88 0.28 -2.38 -0.17
-9.13 1.18 9.88 0.28 -2.38 -0.17
-9.13 1.18 9.88 0.28 -2.38 -0.17
-9.13 1.18 9.88 0.28 -2.38 -0.17
-9.13 1.18 9.88 0.28 -2.38 -0.17
-9.13 1.18 9.88 0.28 -2.38 -0.17
-9.13 1.18 9.88 0.28 -2.38 -0.17
-10.90 2.41 7.55 0.26 -2.41 -0.20
-10.90 2.41 7.55 0.26 -2.41 -0.20
-10.90 2.41 7.55 0.26 -2.41 -0.20
-10.90 2.41 7.55 0.26 -2.41 -0.20
-10.90 2.41 7.55 0.26 -2.41 -0.20
-10.90 2.41 7.55 0.26 -2.41 -0.20
-10.90 2.41 7.55 0.26 -2.41 -0.20
-10.90 2.41 7.55 0.26 -2.41 -0.20
-10.90 2.41 7.55 0.26 -2.41 -0.20
-5.36 3.15 4.60 0.29 -1.94 -0.10
-5.36 3.15 4.60 0.29 -1.94 -0.10
-5.36 3.15 4.60 0.29 -1.94 -0.10
-5.36 3.15 4.60 0.29 -1.94 -0.10
-5.36 3.15 4.60 0.29 -1.94 -0.10
-5.36 3.15 4.60 0.29 -1.94 -0.10
-5.36 3.15 4.60 0.29 -1.94 -0.10
-5.36 3.15 4.60 0.29 -1.94 -0.10
-5.36 3.15 4.60 0.29 -1.94 -0.10
-5.36 3.15 4.60 0.29 -1.94 -0.10
-2.28 3.24 3.45 0.46 -1.66 0.08
-2.28 3.24 3.45 0.46 -1.66 0.08
-2.28 3.24 3.45 0.46 -1.66 0.08
-2.28 3.24 3.45 0.46 -1.66 0.08
-2.28 3.24 3.45 0.46 -1.66 0.08
-2.28 3.24 3.45 0.46 -1.66 0.08
-2.28 3.24 3.45 0.46 -1.66 0.08
-2.28 3.24 3.45 0.46 -1.66 0.08
-2.28 3.24 3.45 0.46 -1.66 0.08
-2.29 2.93 2.99 0.55 -1.83 0.04
-2.29 2.93 2.99 0.55 -1.83 0.04
-2.29 2.93 2.99 0.55 -1.83 0.04
-2.29 2.93 2.99 0.55 -1.83 0.04
-2.29 2.93 2.99 0.55 -1.83 0.04
-2.29 2.93 2.99 0.55 -1.83 0.04
-2.29 2.93 2.99 0.55 -1.83 0.04
-2.29 2.93 2.99 0.55 -1.83 0.04
-2.29 2.93 2.99 0.55 -1.83 0.04
-2.49 2.75 1.89 0.53 -1.64 0.12
-2.49 2.75 1.89 0.53 -1.64 0.12
-2.49 2.75 1.89 0.53 -1.64 0.12
-2.49 2.75 1.89 0.53 -1.64 0.12
-2.49 2.75 1.89 0.53 -1.64 0.12
-2.49 2.75 1.89 0.53 -1.64 0.12
-2.49 2.75 1.89 0.53 -1.64 0.12
-2.49 2.75 1.89 0.53 -1.64 0.12
-2.49 2.75 1.89 0.53 -1.64 0.12
-2.49 2.75 1.89 0.53 -1.64 0.12
-2.13 0.77 1.41 0.26 -0.76 0.06
-2.13 0.77 1.41 0.26 -0.76 0.06
-2.13 0.77 1.41 0.26 -0.76 0.06
-2.13 0.77 1.41 0.26 -0.76 0.06
-2.13 0.77 1.41 0.26 -0.76 0.06
-2.13 0.77 1.41 0.26 -0.76 0.06
-2.13 0.77 1.41 0.26 -0.76 0.06
-2.13 0.77 1.41 0.26 -0.76 0.06
-2.13 0.77 1.41 0.26 -0.76 0.06
-2.13 0.77 1.41 0.26 -0.76 0.06
0.18 5.25 0.36 0.96 -1.38 0.14
0.18 5.25 0.36 0.96 -1.38 0.14
0.18 5.25 0.36 0.96 -1.38 0.14
0.18 5.25 0.36 0.96 -1.38 0.14
0.18 5.25 0.36 0.96 -1.38 0.14
0.18 5.25 0.36 0.96 -1.38 0.14
0.18 5.25 0.36 0.96 -1.38 0.14
0.18 5.25 0.36 0.96 -1.38 0.14
0.18 5.25 0.36 0.96 -1.38 0.14
0.18 5.25 0.36 0.96 -1.38 0.14
-1.92 4.37 -0.61 0.85 -1.87 0.07
-1.92 4.37 -0.61 0.85 -1.87 0.07
-1.92 4.37 -0.61 0.85 -1.87 0.07
-1.92 4.37 -0.61 0.85 -1.87 0.07
-1.92 4.37 -0.61 0.85 -1.87 0.07
-1.92 4.37 -0.61 0.85 -1.87 0.07
-1.92 4.37 -0.61 0.85 -1.87 0.07
-1.92 4.37 -0.61 0.85 -1.87 0.07
-1.92 4.37 -0.61 0.85 -1.87 0.07
-1.92 4.37 -0.61 0.85 -1.87 0.07
-5.71 2.78 -0.95 0.42 -2.39 0.05
-5.71 2.78 -0.95 0.42 -2.39 0.05
-5.71 2.78 -0.95 0.42 -2.39 0.05
-5.71 2.78 -0.95 0.42 -2.39 0.05
-5.71 2.78 -0.95 0.42 -2.39 0.05
-5.71 2.78 -0.95 0.42 -2.39 0.05
-5.71 2.78 -0.95 0.42 -2.39 0.05
-5.71 2.78 -0.95 0.42 -2.39 0.05
-5.71 2.78 -0.95 0.42 -2.39 0.05
-5.71 2.78 -0.95 0.42 -2.39 0.05
-5.71 2.78 -0.95 0.42 -2.39 0.05
-5.71 2.78 -0.95 0.42 -2.39 0.05
-5.71 2.78 -0.95 0.42 -2.39 0.05
-5.90 -0.21 2.08 0.55 -2.32 0.06
-5.90 -0.21 2.08 0.55 -2.32 0.06
-5.90 -0.21 2.08 0.55 -2.32 0.06
-5.90 -0.21 2.08 0.55 -2.32 0.06
-5.90 -0.21 2.08 0.55 -2.32 0.06
-5.90 -0.21 2.08 0.55 -2.32 0.06
-5.90 -0.21 2.08 0.55 -2.32 0.06
-5.90 -0.21 2.08 0.55 -2.32 0.06
-5.90 -0.21 2.08 0.55 -2.32 0.06
-5.90 -0.21 2.08 0.55 -2.32 0.06
-5.90 -0.21 2.08 0.55 -2.32 0.06
-5.90 -0.21 2.08 0.55 -2.32 0.06
-5.90 -0.21 2.08 0.55 -2.32 0.06
-5.90 -0.21 2.08 0.55 -2.32 0.06
-5.90 -0.21 2.08 0.55 -2.32 0.06
-5.90 -0.21 2.08 0.55 -2.32 0.06
-3.14 1.03 -0.86 0.62 -2.18 0.06
-3.14 1.03 -0.86 0.62 -2.18 0.06
-3.14 1.03 -0.86 0.62 -2.18 0.06
-3.14 1.03 -0.86 0.62 -2.18 0.06
-3.14 1.03 -0.86 0.62 -2.18 0.06
-3.14 1.03 -0.86 0.62 -2.18 0.06
-3.14 1.03 -0.86 0.62 -2.18 0.06
-3.14 1.03 -0.86 0.62 -2.18 0.06
-3.14 1.03 -0.86 0.62 -2.18 0.06
-3.14 1.03 -0.86 0.62 -2.18 0.06
1.59 -0.42 -4.38 0.93 -1.24 0.22
1.59 -0.42 -4.38 0.93 -1.24 0.22
1.59 -0.42 -4.38 0.93 -1.24 0.22
1.59 -0.42 -4.38 0.93 -1.24 0.22
1.59 -0.42 -4.38 0.93 -1.24 0.22
1.59 -0.42 -4.38 0.93 -1.24 0.22
1.59 -0.42 -4.38 0.93 -1.24 0.22
1.59 -0.42 -4.38 0.93 -1.24 0.22
1.59 -0.42 -4.38 0.93 -1.24 0.22
1.59 -0.42 -4.38 0.93 -1.24 0.22
3.68 -0.91 -4.36 1.09 -0.69 0.08
3.68 -0.91 -4.36 1.09 -0.69 0.08
3.68 -0.91 -4.36 1.09 -0.69 0.08
3.68 -0.91 -4.36 1.09 -0.69 0.08
3.68 -0.91 -4.36 1.09 -0.69 0.08
3.68 -0.91 -4.36 1.09 -0.69 0.08
3.68 -0.91 -4.36 1.09 -0.69 0.08
3.68 -0.91 -4.36 1.09 -0.69 0.08
3.68 -0.91 -4.36 1.09 -0.69 0.08
3.68 -0.91 -4.36 1.09 -0.69 0.08
3.68 -0.91 -4.36 1.09 -0.69 0.08
1.06 2.41 -2.96 0.79 -0.70 0.03
1.06 2.41 -2.96 0.79 -0.70 0.03
1.06 2.41 -2.96 0.79 -0.70 0.03
1.06 2.41 -2.96 0.79 -0.70 0.03
1.06 2.41 -2.96 0.79 -0.70 0.03
1.06 2.41 -2.96 0.79 -0.70 0.03
1.06 2.41 -2.96 0.79 -0.70 0.03
1.06 2.41 -2.96 0.79 -0.70 0.03
1.06 2.41 -2.96 0.79 -0.70 0.03
1.06 2.41 -2.96 0.79 -0.70 0.03
1.06 2.41 -2.96 0.79 -0.70 0.03
1.06 2.41 -2.96 0.79 -0.70 0.03
1.06 2.41 -2.96 0.79 -0.70 0.03
-2.01 4.30 2.09 0.28 -1.61 0.22
-2.01 4.30 2.09 0.28 -1.61 0.22
-2.01 4.30 2.09 0.28 -1.61 0.22
-2.01 4.30 2.09 0.28 -1.61 0.22
-2.01 4.30 2.09 0.28 -1.61 0.22
-2.01 4.30 2.09 0.28 -1.61 0.22
-2.01 4.30 2.09 0.28 -1.61 0.22
-2.01 4.30 2.09 0.28 -1.61 0.22
-2.01 4.30 2.09 0.28 -1.61 0.22
-2.01 4.30 2.09 0.28 -1.61 0.22
-6.86 4.85 1.47 0.15 -0.95 -0.33
-6.86 4.85 1.47 0.15 -0.95 -0.33
-6.86 4.85 1.47 0.15 -0.95 -0.33
-6.86 4.85 1.47 0.15 -0.95 -0.33
-6.86 4.85 1.47 0.15 -0.95 -0.33
-6.86 4.85 1.47 0.15 -0.95 -0.33
-6.86 4.85 1.47 0.15 -0.95 -0.33
-6.86 4.85 1.47 0.15 -0.95 -0.33
-6.86 4.85 1.47 0.15 -0.95 -0.33
-6.86 4.85 1.47 0.15 -0.95 -0.33
-6.86 4.85 1.47 0.15 -0.95 -0.33
-6.86 4.85 1.47 0.15 -0.95 -0.33
-6.86 4.85 1.47 0.15 -0.95 -0.33
-6.86 4.85 1.47 0.15 -0.95 -0.33
-23.63 -9.88 8.29 1.50 -3.64 -0.58
-23.63 -9.88 8.29 1.50 -3.64 -0.58
-23.63 -9.88 8.29 1.50 -3.64 -0.58
-23.63 -9.88 8.29 1.50 -3.64 -0.58
-23.63 -9.88 8.29 1.50 -3.64 -0.58
-23.63 -9.88 8.29 1.50 -3.64 -0.58
-23.63 -9.88 8.29 1.50 -3.64 -0.58
-23.63 -9.88 8.29 1.50 -3.64 -0.58
-23.63 -9.88 8.29 1.50 -3.64 -0.58
-23.63 -9.88 8.29 1.50 -3.64 -0.58
-23.63 -9.88 8.29 1.50 -3.64 -0.58
-23.63 -9.88 8.29 1.50 -3.64 -0.58
-23.63 -9.88 8.29 1.50 -3.64 -0.58
-23.63 -9.88 8.29 1.50 -3.64 -0.58
-23.63 -9.88 8.29 1.50 -3.64 -0.58
-23.63 -9.88 8.29 1.50 -3.64 -0.58
-23.63 -9.88 8.29 1.50 -3.64 -0.58
-17.76 -1.22 13.13 0.26 -3.21 -0.48
-17.76 -1.22 13.13 0.26 -3.21 -0.48
-17.76 -1.22 13.13 0.26 -3.21 -0.48
-17.76 -1.22 13.13 0.26 -3.21 -0.48
-17.76 -1.22 13.13 0.26 -3.21 -0.48
-17.76 -1.22 13.13 0.26 -3.21 -0.48
-17.76 -1.22 13.13 0.26 -3.21 -0.48
-17.76 -1.22 13.13 0.26 -3.21 -0.48
-17.76 -1.22 13.13 0.26 -3.21 -0.48
-17.76 -1.22 13.13 0.26 -3.21 -0.48
-12.70 1.04 9.31 0.26 -2.78 -0.37
-12.70 1.04 9.31 0.26 -2.78 -0.37
-12.70 1.04 9.31 0.26 -2.78 -0.37
-12.70 1.04 9.31 0.26 -2.78 -0.37
-12.70 1.04 9.31 0.26 -2.78 -0.37
-12.70 1.04 9.31 0.26 -2.78 -0.37
-12.70 1.04 9.31 0.26 -2.78 -0.37
-12.70 1.04 9.31 0.26 -2.78 -0.37
-12.70 1.04 9.31 0.26 -2.78 -0.37
-12.70 1.04 9.31 0.26 -2.78 -0.37
-10.36 1.50 9.67 0.31 -2.28 -0.28
-10.36 1.50 9.67 0.31 -2.28 -0.28
-10.36 1.50 9.67 0.31 -2.28 -0.28
-10.36 1.50 9.67 0.31 -2.28 -0.28
-10.36 1.50 9.67 0.31 -2.28 -0.28
-10.36 1.50 9.67 0.31 -2.28 -0.28
-10.36 1.50 9.67 0.31 -2.28 -0.28
-10.36 1.50 9.67 0.31 -2.28 -0.28
-10.36 1.50 9.67 0.31 -2.28 -0.28
-10.36 1.50 9.67 0.31 -2.28 -0.28
-9.67 1.56 8.26 0.25 -2.39 -0.23
-9.67 1.56 8.26 0.25 -2.39 -0.23
-9.67 1.56 8.26 0.25 -2.39 -0.23
-9.67 1.56 8.26 0.25 -2.39 -0.23
-9.67 1.56 8.26 0.25 -2.39 -0.23
-9.67 1.56 8.26 0.25 -2.39 -0.23
-9.67 1.56 8.26 0.25 -2.39 -0.23
-9.67 1.56 8.26 0.25 -2.39 -0.23
-9.67 1.56 8.26 0.25 -2.39 -0.23
-5.79 3.80 8.32 0.04 -1.81 -0.20
-5.79 3.80 8.32 0.04 -1.81 -0.20
-5.79 3.80 8.32 0.04 -1.81 -0.20
-5.79 3.80 8.32 0.04 -1.81 -0.20
-5.79 3.80 8.32 0.04 -1.81 -0.20
-5.79 3.80 8.32 0.04 -1.81 -0.20
-5.79 3.80 8.32 0.04 -1.81 -0.20
-5.79 3.80 8.32 0.04 -1.81 -0.20
-5.79 3.80 8.32 0.04 -1.81 -0.20
-5.79 3.80 8.32 0.04 -1.81 -0.20
-8.53 2.72 3.93 0.41 -1.86 -0.21
-8.53 2.72 3.93 0.41 -1.86 -0.21
-8.53 2.72 3.93 0.41 -1.86 -0.21
-8.53 2.72 3.93 0.41 -1.86 -0.21
-8.53 2.72 3.93 0.41 -1.86 -0.21
-8.53 2.72 3.93 0.41 -1.86 -0.21
-8.53 2.72 3.93 0.41 -1.86 -0.21
-8.53 2.72 3.93 0.41 -1.86 -0.21
-8.53 2.72 3.93 0.41 -1.86 -0.21
-8.53 2.72 3.93 0.41 -1.86 -0.21
-6.66 3.07 5.21 0.21 -2.08 -0.08
-6.66 3.07 5.21 0.21 -2.08 -0.08
-6.66 3.07 5.21 0.21 -2.08 -0.08
-6.66 3.07 5.21 0.21 -2.08 -0.08
-6.66 3.07 5.21 0.21 -2.08 -0.08
-6.66 3.07 5.21 0.21 -2.08 -0.08
-6.66 3.07 5.21 0.21 -2.08 -0.08
-6.66 3.07 5.21 0.21 -2.08 -0.08
-6.66 3.07 5.21 0.21 -2.08 -0.08
-2.86 1.36 4.68 0.25 -1.72 0.12
-2.86 1.36 4.68 0.25 -1.72 0.12
-2.86 1.36 4.68 0.25 -1.72 0.12
-2.86 1.36 4.68 0.25 -1.72 0.12
-2.86 1.36 4.68 0.25 -1.72 0.12
-2.86 1.36 4.68 0.25 -1.72 0.12
-2.86 1.36 4.68 0.25 -1.72 0.12
-2.86 1.36 4.68 0.25 -1.72 0.12
-2.86 1.36 4.68 0.25 -1.72 0.12
-2.86 1.36 4.68 0.25 -1.72 0.12
-6.97 -2.18 2.92 0.63 -0.79 -0.16
-6.97 -2.18 2.92 0.63 -0.79 -0.16
-6.97 -2.18 2.92 0.63 -0.79 -0.16
-6.97 -2.18 2.92 0.63 -0.79 -0.16
-6.97 -2.18 2.92 0.63 -0.79 -0.16
-6.97 -2.18 2.92 0.63 -0.79 -0.16
-6.97 -2.18 2.92 0.63 -0.79 -0.16
-6.97 -2.18 2.92 0.63 -0.79 -0.16
-6.97 -2.18 2.92 0.63 -0.79 -0.16
-2.95 5.86 -0.36 1.08 -1.72 0.03
-2.95 5.86 -0.36 1.08 -1.72 0.03
-2.95 5.86 -0.36 1.08 -1.72 0.03
-2.95 5.86 -0.36 1.08 -1.72 0.03
-2.95 5.86 -0.36 1.08 -1.72 0.03
-2.95 5.86 -0.36 1.08 -1.72 0.03
-2.95 5.86 -0.36 1.08 -1.72 0.03
-2.95 5.86 -0.36 1.08 -1.72 0.03
-2.95 5.86 -0.36 1.08 -1.72 0.03
-2.95 5.86 -0.36 1.08 -1.72 0.03
-3.18 2.29 1.23 0.14 -0.71 -0.25
-3.18 2.29 1.23 0.14 -0.71 -0.25
-3.18 2.29 1.23 0.14 -0.71 -0.25
-3.18 2.29 1.23 0.14 -0.71 -0.25
-4.38 -1.05 2.23 0.09 -1.41 0.09
-4.38 -1.05 2.23 0.09 -1.41 0.09
-4.38 -1.05 2.23 0.09 -1.41 0.09
-4.38 -1.05 2.23 0.09 -1.41 0.09
-4.38 -1.05 2.23 0.09 -1.41 0.09
-4.38 -1.05 2.23 0.09 -1.41 0.09
-4.38 -1.05 2.23 0.09 -1.41 0.09
-6.03 2.96 -1.07 0.41 -2.41 -0.11
-6.03 2.96 -1.07 0.41 -2.41 -0.11
-6.03 2.96 -1.07 0.41 -2.41 -0.11
-6.03 2.96 -1.07 0.41 -2.41 -0.11
-6.03 2.96 -1.07 0.41 -2.41 -0.11
-6.03 2.96 -1.07 0.41 -2.41 -0.11
-6.03 2.96 -1.07 0.41 -2.41 -0.11
-6.03 2.96 -1.07 0.41 -2.41 -0.11
-6.03 2.96 -1.07 0.41 -2.41 -0.11
-6.03 2.96 -1.07 0.41 -2.41 -0.11
-6.03 2.96 -1.07 0.41 -2.41 -0.11
-6.03 2.96 -1.07 0.41 -2.41 -0.11
-6.03 2.96 -1.07 0.41 -2.41 -0.11
-6.03 2.96 -1.07 0.41 -2.41 -0.11
-4.59 -0.83 2.02 0.68 -2.28 0.05
-4.59 -0.83 2.02 0.68 -2.28 0.05
-4.59 -0.83 2.02 0.68 -2.28 0.05
-4.59 -0.83 2.02 0.68 -2.28 0.05
-4.59 -0.83 2.02 0.68 -2.28 0.05
-4.59 -0.83 2.02 0.68 -2.28 0.05
-4.59 -0.83 2.02 0.68 -2.28 0.05
-4.59 -0.83 2.02 0.68 -2.28 0.05
-4.59 -0.83 2.02 0.68 -2.28 0.05
-4.59 -0.83 2.02 0.68 -2.28 0.05
-4.59 -0.83 2.02 0.68 -2.28 0.05
-4.59 -0.83 2.02 0.68 -2.28 0.05
-4.59 -0.83 2.02 0.68 -2.28 0.05
-4.59 -0.83 2.02 0.68 -2.28 0.05
-4.59 -0.83 2.02 0.68 -2.28 0.05
-4.59 -0.83 2.02 0.68 -2.28 0.05
-4.29 0.71 -0.84 0.68 -2.33 -0.00
-4.29 0.71 -0.84 0.68 -2.33 -0.00
-4.29 0.71 -0.84 0.68 -2.33 -0.00
-4.29 0.71 -0.84 0.68 -2.33 -0.00
-4.29 0.71 -0.84 0.68 -2.33 -0.00
-4.29 0.71 -0.84 0.68 -2.33 -0.00
-4.29 0.71 -0.84 0.68 -2.33 -0.00
-4.29 0.71 -0.84 0.68 -2.33 -0.00
-4.29 0.71 -0.84 0.68 -2.33 -0.00
-4.29 0.71 -0.84 0.68 -2.33 -0.00
1.49 -0.03 -3.89 1.01 -1.30 0.17
1.49 -0.03 -3.89 1.01 -1.30 0.17
1.49 -0.03 -3.89 1.01 -1.30 0.17
1.49 -0.03 -3.89 1.01 -1.30 0.17
1.49 -0.03 -3.89 1.01 -1.30 0.17
1.49 -0.03 -3.89 1.01 -1.30 0.17
1.49 -0.03 -3.89 1.01 -1.30 0.17
1.49 -0.03 -3.89 1.01 -1.30 0.17
1.49 -0.03 -3.89 1.01 -1.30 0.17
1.49 -0.03 -3.89 1.01 -1.30 0.17
2.14 -1.05 -1.73 1.07 -0.95 0.14
2.14 -1.05 -1.73 1.07 -0.95 0.14
2.14 -1.05 -1.73 1.07 -0.95 0.14
2.14 -1.05 -1.73 1.07 -0.95 0.14
2.14 -1.05 -1.73 1.07 -0.95 0.14
2.14 -1.05 -1.73 1.07 -0.95 0.14
2.14 -1.05 -1.73 1.07 -0.95 0.14
2.14 -1.05 -1.73 1.07 -0.95 0.14
2.14 -1.05 -1.73 1.07 -0.95 0.14
1.01 -1.01 -4.31 1.19 -1.29 0.14
1.01 -1.01 -4.31 1.19 -1.29 0.14
1.01 -1.01 -4.31 1.19 -1.29 0.14
1.01 -1.01 -4.31 1.19 -1.29 0.14
1.01 -1.01 -4.31 1.19 -1.29 0.14
1.01 -1.01 -4.31 1.19 -1.29 0.14
1.01 -1.01 -4.31 1.19 -1.29 0.14
1.01 -1.01 -4.31 1.19 -1.29 0.14
1.01 -1.01 -4.31 1.19 -1.29 0.14
1.01 -1.01 -4.31 1.19 -1.29 0.14
1.01 -1.01 -4.31 1.19 -1.29 0.14
1.01 -1.01 -4.31 1.19 -1.29 0.14
1.01 -1.01 -4.31 1.19 -1.29 0.14
1.01 -1.01 -4.31 1.19 -1.29 0.14
1.01 -1.01 -4.31 1.19 -1.29 0.14
-0.89 6.23 0.38 0.25 -0.95 -0.30
-0.89 6.23 0.38 0.25 -0.95 -0.30
-0.89 6.23 0.38 0.25 -0.95 -0.30
-0.89 6.23 0.38 0.25 -0.95 -0.30
-0.89 6.23 0.38 0.25 -0.95 -0.30
-0.89 6.23 0.38 0.25 -0.95 -0.30
-0.89 6.23 0.38 0.25 -0.95 -0.30
-0.89 6.23 0.38 0.25 -0.95 -0.30
-0.89 6.23 0.38 0.25 -0.95 -0.30
-0.89 6.23 0.38 0.25 -0.95 -0.30
-1.50 7.10 1.80 0.51 -1.38 -0.05
-1.50 7.10 1.80 0.51 -1.38 -0.05
-1.50 7.10 1.80 0.51 -1.38 -0.05
-1.50 7.10 1.80 0.51 -1.38 -0.05
-1.50 7.10 1.80 0.51 -1.38 -0.05
-1.50 7.10 1.80 0.51 -1.38 -0.05
-1.50 7.10 1.80 0.51 -1.38 -0.05
-1.50 7.10 1.80 0.51 -1.38 -0.05
-1.50 7.10 1.80 0.51 -1.38 -0.05
-1.50 7.10 1.80 0.51 -1.38 -0.05
-1.50 7.10 1.80 0.51 -1.38 -0.05
-1.50 7.10 1.80 0.51 -1.38 -0.05
-1.50 7.10 1.80 0.51 -1.38 -0.05
-1.50 7.10 1.80 0.51 -1.38 -0.05
-23.75 -9.49 8.70 1.22 -3.75 -0.48
-23.75 -9.49 8.70 1.22 -3.75 -0.48
-23.75 -9.49 8.70 1.22 -3.75 -0.48
-23.75 -9.49 8.70 1.22 -3.75 -0.48
-23.75 -9.49 8.70 1.22 -3.75 -0.48
-23.75 -9.49 8.70 1.22 -3.75 -0.48
-23.75 -9.49 8.70 1.22 -3.75 -0.48
-23.75 -9.49 8.70 1.22 -3.75 -0.48
-23.75 -9.49 8.70 1.22 -3.75 -0.48
-23.75 -9.49 8.70 1.22 -3.75 -0.48
-23.75 -9.49 8.70 1.22 -3.75 -0.48
-23.75 -9.49 8.70 1.22 -3.75 -0.48
-23.75 -9.49 8.70 1.22 -3.75 -0.48
-23.75 -9.49 8.70 1.22 -3.75 -0.48
-23.75 -9.49 8.70 1.22 -3.75 -0.48
-23.75 -9.49 8.70 1.22 -3.75 -0.48
-23.75 -9.49 8.70 1.22 -3.75 -0.48
-17.62 -1.58 12.68 0.30 -3.22 -0.44
-17.62 -1.58 12.68 0.30 -3.22 -0.44
-17.62 -1.58 12.68 0.30 -3.22 -0.44
-17.62 -1.58 12.68 0.30 -3.22 -0.44
-17.62 -1.58 12.68 0.30 -3.22 -0.44
-17.62 -1.58 12.68 0.30 -3.22 -0.44
-17.62 -1.58 12.68 0.30 -3.22 -0.44
-17.62 -1.58 12.68 0.30 -3.22 -0.44
-17.62 -1.58 12.68 0.30 -3.22 -0.44
-17.62 -1.58 12.68 0.30 -3.22 -0.44
-17.56 0.18 11.19 0.32 -3.14 -0.43
-17.56 0.18 11.19 0.32 -3.14 -0.43
-17.56 0.18 11.19 0.32 -3.14 -0.43
-17.56 0.18 11.19 0.32 -3.14 -0.43
-17.56 0.18 11.19 0.32 -3.14 -0.43
-17.56 0.18 11.19 0.32 -3.14 -0.43
-17.56 0.18 11.19 0.32 -3.14 -0.43
-17.56 0.18 11.19 0.32 -3.14 -0.43
-17.56 0.18 11.19 0.32 -3.14 -0.43
-17.56 0.18 11.19 0.32 -3.14 -0.43
-11.48 1.25 8.95 0.26 -2.61 -0.27
-11.48 1.25 8.95 0.26 -2.61 -0.27
-11.48 1.25 8.95 0.26 -2.61 -0.27
-11.48 1.25 8.95 0.26 -2.61 -0.27
-11.48 1.25 8.95 0.26 -2.61 -0.27
-11.48 1.25 8.95 0.26 -2.61 -0.27
-11.48 1.25 8.95 0.26 -2.61 -0.27
-11.48 1.25 8.95 0.26 -2.61 -0.27
-11.48 1.25 8.95 0.26 -2.61 -0.27
-11.48 1.25 8.95 0.26 -2.61 -0.27
-9.16 1.57 8.35 0.26 -2.35 -0.16
-9.16 1.57 8.35 0.26 -2.35 -0.16
-9.16 1.57 8.35 0.26 -2.35 -0.16
-9.16 1.57 8.35 0.26 -2.35 -0.16
-9.16 1.57 8.35 0.26 -2.35 -0.16
-9.16 1.57 8.35 0.26 -2.35 -0.16
-9.16 1.57 8.35 0.26 -2.35 -0.16
-9.16 1.57 8.35 0.26 -2.35 -0.16
-9.16 1.57 8.35 0.26 -2.35 -0.16
-7.34 4.44 7.36 0.26 -1.93 -0.18
-7.34 4.44 7.36 0.26 -1.93 -0.18
-7.34 4.44 7.36 0.26 -1.93 -0.18
-7.34 4.44 7.36 0.26 -1.93 -0.18
-7.34 4.44 7.36 0.26 -1.93 -0.18
-7.34 4.44 7.36 0.26 -1.93 -0.18
-7.34 4.44 7.36 0.26 -1.93 -0.18
-7.34 4.44 7.36 0.26 -1.93 -0.18
-7.34 4.44 7.36 0.26 -1.93 -0.18
-7.34 4.44 7.36 0.26 -1.93 -0.18
-6.08 3.14 4.61 0.38 -2.07 -0.04
-6.08 3.14 4.61 0.38 -2.07 -0.04
-6.08 3.14 4.61 0.38 -2.07 -0.04
-6.08 3.14 4.61 0.38 -2.07 -0.04
-6.08 3.14 4.61 0.38 -2.07 -0.04
-6.08 3.14 4.61 0.38 -2.07 -0.04
-6.08 3.14 4.61 0.38 -2.07 -0.04
-6.08 3.14 4.61 0.38 -2.07 -0.04
-6.08 3.14 4.61 0.38 -2.07 -0.04
-6.08 3.14 4.61 0.38 -2.07 -0.04
-5.18 3.57 4.87 0.37 -1.89 -0.11
-5.18 3.57 4.87 0.37 -1.89 -0.11
-5.18 3.57 4.87 0.37 -1.89 -0.11
-5.18 3.57 4.87 0.37 -1.89 -0.11
-5.18 3.57 4.87 0.37 -1.89 -0.11
-5.18 3.57 4.87 0.37 -1.89 -0.11
-5.18 3.57 4.87 0.37 -1.89 -0.11
-5.18 3.57 4.87 0.37 -1.89 -0.11
-5.18 3.57 4.87 0.37 -1.89 -0.11
-3.75 2.08 4.99 0.53 -1.58 0.05
-3.75 2.08 4.99 0.53 -1.58 0.05
-3.75 2.08 4.99 0.53 -1.58 0.05
-3.75 2.08 4.99 0.53 -1.58 0.05
-3.75 2.08 4.99 0.53 -1.58 0.05
-3.75 2.08 4.99 0.53 -1.58 0.05
-3.75 2.08 4.99 0.53 -1.58 0.05
-3.75 2.08 4.99 0.53 -1.58 0.05
-3.75 2.08 4.99 0.53 -1.58 0.05
-3.75 2.08 4.99 0.53 -1.58 0.05
0.38 3.01 4.78 0.90 -1.09 0.08
0.38 3.01 4.78 0.90 -1.09 0.08
0.38 3.01 4.78 0.90 -1.09 0.08
0.38 3.01 4.78 0.90 -1.09 0.08
0.38 3.01 4.78 0.90 -1.09 0.08
0.38 3.01 4.78 0.90 -1.09 0.08
0.38 3.01 4.78 0.90 -1.09 0.08
0.38 3.01 4.78 0.90 -1.09 0.08
0.38 3.01 4.78 0.90 -1.09 0.08
-1.45 4.81 1.66 1.02 -1.88 0.15
-1.45 4.81 1.66 1.02 -1.88 0.15
-1.45 4.81 1.66 1.02 -1.88 0.15
-1.45 4.81 1.66 1.02 -1.88 0.15
-1.45 4.81 1.66 1.02 -1.88 0.15
-1.45 4.81 1.66 1.02 -1.88 0.15
-1.45 4.81 1.66 1.02 -1.88 0.15
-1.45 4.81 1.66 1.02 -1.88 0.15
-1.45 4.81 1.66 1.02 -1.88 0.15
-1.45 4.81 1.66 1.02 -1.88 0.15
-5.72 0.60 1.60 0.10 -0.25 -0.36
-5.72 0.60 1.60 0.10 -0.25 -0.36
-5.72 0.60 1.60 0.10 -0.25 -0.36
-5.72 0.60 1.60 0.10 -0.25 -0.36
-5.35 1.78 4.25 0.27 -1.66 0.15
-5.35 1.78 4.25 0.27 -1.66 0.15
-5.35 1.78 4.25 0.27 -1.66 0.15
-5.35 1.78 4.25 0.27 -1.66 0.15
-5.35 1.78 4.25 0.27 -1.66 0.15
-5.35 1.78 4.25 0.27 -1.66 0.15
-5.35 1.78 4.25 0.27 -1.66 0.15
-5.35 1.78 4.25 0.27 -1.66 0.15
-5.29 3.03 -0.24 0.47 -2.48 -0.06
-5.29 3.03 -0.24 0.47 -2.48 -0.06
-5.29 3.03 -0.24 0.47 -2.48 -0.06
-5.29 3.03 -0.24 0.47 -2.48 -0.06
-5.29 3.03 -0.24 0.47 -2.48 -0.06
-5.29 3.03 -0.24 0.47 -2.48 -0.06
-5.29 3.03 -0.24 0.47 -2.48 -0.06
-5.29 3.03 -0.24 0.47 -2.48 -0.06
-5.29 3.03 -0.24 0.47 -2.48 -0.06
-5.29 3.03 -0.24 0.47 -2.48 -0.06
-5.29 3.03 -0.24 0.47 -2.48 -0.06
-5.29 3.03 -0.24 0.47 -2.48 -0.06
-5.29 3.03 -0.24 0.47 -2.48 -0.06
-5.29 3.03 -0.24 0.47 -2.48 -0.06
-5.29 3.03 -0.24 0.47 -2.48 -0.06
-5.29 3.03 -0.24 0.47 -2.48 -0.06
-5.29 3.03 -0.24 0.47 -2.48 -0.06
-5.29 3.03 -0.24 0.47 -2.48 -0.06
-5.29 3.03 -0.24 0.47 -2.48 -0.06
-5.29 3.03 -0.24 0.47 -2.48 -0.06
-5.29 3.03 -0.24 0.47 -2.48 -0.06
-5.29 3.03 -0.24 0.47 -2.48 -0.06
-5.29 3.03 -0.24 0.47 -2.48 -0.06
-5.29 3.03 -0.24 0.47 -2.48 -0.06
-5.29 3.03 -0.24 0.47 -2.48 -0.06
-5.29 3.03 -0.24 0.47 -2.48 -0.06
-5.29 3.03 -0.24 0.47 -2.48 -0.06
-5.29 3.03 -0.24 0.47 -2.48 -0.06
-5.29 3.03 -0.24 0.47 -2.48 -0.06
-5.29 3.03 -0.24 0.47 -2.48 -0.06
-5.29 3.03 -0.24 0.47 -2.48 -0.06
-5.29 3.03 -0.24 0.47 -2.48 -0.06
-5.29 3.03 -0.24 0.47 -2.48 -0.06
