-1157.334 765.882 33.189 146.668 -23.235 -76.000 0 0 1 1 0 0 -1 9 1
-1157.334 765.882 33.189 146.668 -23.235 -76.000 0 0 1 1 0 0 -1 9 1
-1157.334 765.882 33.189 146.668 -23.235 -76.000 0 0 1 1 0 0 -1 9 1
-1155.843 747.284 -53.780 146.025 -17.179 -72.716 0 0 1 1 0 0 -1 9 1
-1156.891 745.315 -55.196 145.933 -17.276 -72.822 0 0 1 1 0 0 -1 9 1
-1218.247 689.489 -76.557 142.845 -15.881 -71.013 0 0 1 1 0 0 -1 9 1
-1254.887 629.079 -73.053 140.496 -14.701 -67.862 0 0 1 1 0 0 -1 9 1
-1276.968 594.797 -111.767 141.173 -13.819 -69.305 0 0 1 1 0 0 -1 9 1
-1279.699 591.060 -121.824 141.624 -11.835 -67.566 0 0 1 1 0 0 0 9 1
-1279.787 591.072 -121.664 141.596 -11.865 -67.612 0 0 1 1 0 0 0 9 1
-1273.534 597.090 -104.147 143.273 -7.060 -65.523 0 0 1 1 0 0 0 9 1
-1273.534 597.090 -104.147 143.273 -7.060 -65.523 0 0 1 1 0 0 0 9 1
-1273.534 597.090 -104.147 143.273 -7.060 -65.523 0 0 1 1 0 0 0 9 1
-1273.534 597.090 -104.147 143.273 -7.060 -65.523 0 0 1 1 0 0 0 9 1
-1293.228 605.254 -80.615 143.779 -4.008 -62.571 0 0 1 1 0 0 0 9 1
-1293.228 605.254 -80.615 143.779 -4.008 -62.571 0 0 1 1 0 0 0 9 1
-1293.228 605.254 -80.615 143.779 -4.008 -62.571 0 0 1 1 0 0 0 9 1
-1293.228 605.254 -80.615 143.779 -4.008 -62.571 0 0 1 1 0 0 0 9 1
-1293.228 605.254 -80.615 143.779 -4.008 -62.571 0 0 1 1 0 0 0 9 1
-1274.703 622.409 -57.753 143.980 -5.257 -65.434 0 0 1 1 0 0 0 9 1
-1274.703 622.409 -57.753 143.980 -5.257 -65.434 0 0 1 1 0 0 0 9 1
-1274.703 622.409 -57.753 143.980 -5.257 -65.434 0 0 1 1 0 0 0 9 1
-1274.703 622.409 -57.753 143.980 -5.257 -65.434 0 0 1 1 0 0 0 9 1
-1274.703 622.409 -57.753 143.980 -5.257 -65.434 0 0 1 1 0 0 0 9 1
-1261.381 626.731 -51.432 144.558 -5.231 -65.401 0 0 1 1 0 0 -1 9 1
-1261.381 626.731 -51.432 144.558 -5.231 -65.401 0 0 1 1 0 0 -1 9 1
-1261.381 626.731 -51.432 144.558 -5.231 -65.401 0 0 1 1 0 0 -1 9 1
-1230.388 641.550 -10.405 138.998 -7.532 -68.324 0 0 1 1 0 0 0 9 1
-1230.388 641.550 -10.405 138.998 -7.532 -68.324 0 0 1 1 0 0 0 9 1
-1230.388 641.550 -10.405 138.998 -7.532 -68.324 0 0 1 1 0 0 0 9 1
-1230.388 641.550 -10.405 138.998 -7.532 -68.324 0 0 1 1 0 0 0 9 1
-1230.388 641.550 -10.405 138.998 -7.532 -68.324 0 0 1 1 0 0 0 9 1
-1224.582 645.313 7.280 146.683 -2.077 -62.027 0 0 1 1 0 0 -1 9 1
-1224.582 645.313 7.280 146.683 -2.077 -62.027 0 0 1 1 0 0 -1 9 1
-1224.582 645.313 7.280 146.683 -2.077 -62.027 0 0 1 1 0 0 -1 9 1
-1224.582 645.313 7.280 146.683 -2.077 -62.027 0 0 1 1 0 0 -1 9 1
-1235.211 630.459 5.120 149.120 -0.103 -59.788 0 0 1 1 0 0 -1 9 1
-1235.211 630.459 5.120 149.120 -0.103 -59.788 0 0 1 1 0 0 -1 9 1
-1235.211 630.459 5.120 149.120 -0.103 -59.788 0 0 1 1 0 0 -1 9 1
-1235.211 630.459 5.120 149.120 -0.103 -59.788 0 0 1 1 0 0 -1 9 1
-1235.211 630.459 5.120 149.120 -0.103 -59.788 0 0 1 1 0 0 -1 9 1
-1219.609 646.791 86.908 154.776 -2.494 -63.794 0 0 1 1 0 0 -1 9 1
-1219.609 646.791 86.908 154.776 -2.494 -63.794 0 0 1 1 0 0 -1 9 1
-1219.609 646.791 86.908 154.776 -2.494 -63.794 0 0 1 1 0 0 -1 9 1
-1236.487 643.352 116.366 153.119 -0.300 -64.539 0 0 1 1 0 0 -1 9 1
-1236.487 643.352 116.366 153.119 -0.300 -64.539 0 0 1 1 0 0 -1 9 1
-1236.487 643.352 116.366 153.119 -0.300 -64.539 0 0 1 1 0 0 -1 9 1
-1220.923 663.905 175.172 153.907 1.783 -63.841 0 0 1 1 0 0 -1 9 1
-1221.270 663.631 175.643 153.879 1.803 -63.835 0 0 1 1 0 0 -1 9 1
-1221.270 663.631 175.643 153.879 1.803 -63.835 0 0 1 1 0 0 -1 9 1
-1221.270 663.631 175.643 153.879 1.803 -63.835 0 0 1 1 0 0 -1 9 1
-1209.586 665.754 221.986 152.998 2.163 -63.561 0 0 1 1 0 0 -1 9 1
-1201.678 669.289 236.382 153.022 2.042 -63.676 0 0 1 1 0 0 -1 9 1
-1184.240 670.813 284.651 154.587 2.910 -63.374 0 0 1 1 0 0 -1 9 1
-1181.428 670.496 288.641 154.440 2.714 -63.921 0 0 1 1 0 0 -1 9 1
-1123.036 807.200 229.189 154.496 -5.970 -78.207 0 0 1 1 0 0 -1 9 1
-1123.015 810.883 221.414 154.434 -6.561 -78.757 0 0 1 1 0 0 -1 9 1
-1095.422 797.152 191.926 161.425 23.162 -4.672 0 0 1 1 0 0 0 9 1
-1277.396 685.730 -48.317 153.068 14.438 -22.549 0 0 1 1 0 0 0 9 1
-1313.855 613.023 -124.608 143.736 13.761 -26.899 0 0 1 1 0 0 0 9 1
-1313.879 613.067 -124.591 143.736 13.765 -26.900 0 0 1 1 0 0 0 9 1
-1313.879 613.067 -124.591 143.736 13.765 -26.900 0 0 1 1 0 0 0 9 1
-1313.879 613.067 -124.591 143.736 13.765 -26.900 0 0 1 1 0 0 0 9 1
-1316.974 632.455 -82.840 144.956 17.616 -22.550 0 0 1 1 0 0 0 9 1
-1316.974 632.455 -82.840 144.956 17.616 -22.550 0 0 1 1 0 0 0 9 1
-1316.974 632.455 -82.840 144.956 17.616 -22.550 0 0 1 1 0 0 0 9 1
-1321.619 649.526 -42.372 145.949 18.934 -22.497 0 0 1 1 0 0 0 9 1
-1321.610 649.472 -41.036 145.915 18.987 -22.460 0 0 1 1 0 0 0 9 1
-1321.610 649.472 -41.036 145.915 18.987 -22.460 0 0 1 1 0 0 0 9 1
-1321.610 649.472 -41.036 145.915 18.987 -22.460 0 0 1 1 0 0 0 9 1
-1284.247 657.825 -29.917 146.002 13.447 -25.867 0 0 1 1 0 0 0 9 1
-1284.406 657.573 -29.950 145.975 13.451 -25.878 0 0 1 1 0 0 0 9 1
-1284.406 657.573 -29.950 145.975 13.451 -25.878 0 0 1 1 0 0 0 9 1
-1249.963 645.953 -6.882 150.750 12.663 -26.417 0 0 1 1 0 0 0 9 1
-1249.963 645.953 -6.882 150.750 12.663 -26.417 0 0 1 1 0 0 0 9 1
-1249.963 645.953 -6.882 150.750 12.663 -26.417 0 0 1 1 0 0 0 9 1
-1249.963 645.953 -6.882 150.750 12.663 -26.417 0 0 1 1 0 0 0 9 1
-1242.469 660.014 35.058 150.702 15.898 -25.189 0 0 1 1 0 0 0 9 1
-1242.298 660.334 36.012 150.703 15.972 -25.161 0 0 1 1 0 0 0 9 1
-1242.298 660.334 36.012 150.703 15.972 -25.161 0 0 1 1 0 0 0 9 1
-1248.581 647.958 71.394 156.357 10.055 -30.076 0 0 1 1 0 0 0 9 1
-1268.222 647.498 73.251 159.205 11.798 -31.213 0 0 1 1 0 0 0 9 1
-1268.370 647.409 73.230 159.206 11.803 -31.207 0 0 1 1 0 0 0 9 1
-1268.370 647.409 73.230 159.206 11.803 -31.207 0 0 1 1 0 0 0 9 1
-1261.630 643.980 94.651 158.772 11.283 -33.144 0 0 1 1 0 0 0 9 1
-1261.593 643.961 94.768 158.770 11.280 -33.155 0 0 1 1 0 0 0 9 1
-1261.593 643.961 94.768 158.770 11.280 -33.155 0 0 1 1 0 0 0 9 1
-1241.688 649.048 135.757 159.767 11.885 -33.354 0 0 1 1 0 0 0 9 1
-1241.688 649.048 135.757 159.767 11.885 -33.354 0 0 1 1 0 0 0 9 1
-1241.688 649.048 135.757 159.767 11.885 -33.354 0 0 1 1 0 0 0 9 1
-1226.891 648.861 167.495 160.413 12.525 -32.604 0 0 1 1 0 0 0 9 1
-1225.214 649.003 172.715 160.426 12.711 -32.525 0 0 1 1 0 0 0 9 1
-1225.214 649.003 172.715 160.426 12.711 -32.525 0 0 1 1 0 0 0 9 1
-1204.187 652.526 212.346 159.844 11.344 -33.564 0 0 1 1 0 0 0 9 1
-1204.390 651.917 220.095 160.012 11.860 -33.068 0 0 1 1 0 0 0 9 1
-1174.230 662.844 295.430 160.550 13.808 -33.151 0 0 1 1 0 0 0 9 1
-1167.590 675.670 315.973 160.980 14.511 -33.731 0 0 1 1 0 0 0 9 1
-1036.397 820.981 208.671 169.140 34.415 26.756 0 0 1 1 0 0 0 9 1
-1040.572 820.249 192.901 168.122 34.285 26.436 0 0 1 1 0 0 0 9 1
-1052.907 814.271 69.801 163.216 31.232 22.029 0 0 1 1 0 0 0 9 1
-1054.641 814.060 55.514 163.010 30.672 21.914 0 0 1 1 0 0 0 9 1
-1072.770 798.693 18.228 162.143 31.011 23.343 0 0 1 1 0 0 0 9 1
-1087.175 783.441 -4.530 160.743 31.583 23.926 0 0 1 1 0 0 0 9 1
-1146.212 728.506 -40.617 159.841 34.427 27.006 0 0 1 1 0 0 0 9 1
-1303.759 589.438 -128.334 170.049 45.618 35.031 0 0 1 1 0 0 0 9 1
-1303.759 589.438 -128.334 170.049 45.618 35.031 0 0 1 1 0 0 0 9 1
-1303.759 589.438 -128.334 170.049 45.618 35.031 0 0 1 1 0 0 0 9 1
-1303.759 589.438 -128.334 170.049 45.618 35.031 0 0 1 1 0 0 0 9 1
-1303.759 589.438 -128.334 170.049 45.618 35.031 0 0 1 1 0 0 0 9 1
-1303.759 589.438 -128.334 170.049 45.618 35.031 0 0 1 1 0 0 0 9 1
-1303.759 589.438 -128.334 170.049 45.618 35.031 0 0 1 1 0 0 0 9 1
-1303.759 589.438 -128.334 170.049 45.618 35.031 0 0 1 1 0 0 0 9 1
-1289.756 620.080 -97.344 172.083 39.625 31.991 0 0 1 1 0 0 0 9 1
-1289.756 620.080 -97.344 172.083 39.625 31.991 0 0 1 1 0 0 0 9 1
-1289.756 620.080 -97.344 172.083 39.625 31.991 0 0 1 1 0 0 0 9 1
-1289.756 620.080 -97.344 172.083 39.625 31.991 0 0 1 1 0 0 0 9 1
-1289.756 620.080 -97.344 172.083 39.625 31.991 0 0 1 1 0 0 0 9 1
-1289.756 620.080 -97.344 172.083 39.625 31.991 0 0 1 1 0 0 0 9 1
-1289.756 620.080 -97.344 172.083 39.625 31.991 0 0 1 1 0 0 0 9 1
-1295.259 637.512 -46.127 172.471 29.992 32.907 0 0 1 1 0 0 0 9 1
-1295.259 637.512 -46.127 172.471 29.992 32.907 0 0 1 1 0 0 0 9 1
-1295.259 637.512 -46.127 172.471 29.992 32.907 0 0 1 1 0 0 0 9 1
-1295.259 637.512 -46.127 172.471 29.992 32.907 0 0 1 1 0 0 0 9 1
-1295.259 637.512 -46.127 172.471 29.992 32.907 0 0 1 1 0 0 0 9 1
-1295.259 637.512 -46.127 172.471 29.992 32.907 0 0 1 1 0 0 0 9 1
-1306.231 627.353 9.313 166.881 13.006 23.870 0 0 1 1 0 0 0 9 1
-1306.231 627.353 9.313 166.881 13.006 23.870 0 0 1 1 0 0 0 9 1
-1306.231 627.353 9.313 166.881 13.006 23.870 0 0 1 1 0 0 0 9 1
-1306.231 627.353 9.313 166.881 13.006 23.870 0 0 1 1 0 0 0 9 1
-1306.231 627.353 9.313 166.881 13.006 23.870 0 0 1 1 0 0 0 9 1
-1306.231 627.353 9.313 166.881 13.006 23.870 0 0 1 1 0 0 0 9 1
-1306.231 627.353 9.313 166.881 13.006 23.870 0 0 1 1 0 0 0 9 1
-1302.566 656.821 97.680 171.392 14.647 27.809 0 0 1 1 0 0 0 9 1
-1305.085 652.550 99.075 171.279 15.100 27.841 0 0 1 1 0 0 0 9 1
-1305.905 651.160 99.529 171.243 15.248 27.851 0 0 1 1 0 0 0 9 1
-1305.905 651.160 99.529 171.243 15.248 27.851 0 0 1 1 0 0 0 9 1
-1305.905 651.160 99.529 171.243 15.248 27.851 0 0 1 1 0 0 0 9 1
-1305.905 651.160 99.529 171.243 15.248 27.851 0 0 1 1 0 0 0 9 1
-1275.533 676.873 176.745 171.646 16.561 26.333 0 0 1 1 0 0 0 9 1
-1275.533 676.873 176.745 171.646 16.561 26.333 0 0 1 1 0 0 0 9 1
-1275.533 676.873 176.745 171.646 16.561 26.333 0 0 1 1 0 0 0 9 1
-1257.645 678.885 208.465 172.716 16.099 27.236 0 0 1 1 0 0 0 9 1
-1257.645 678.885 208.465 172.716 16.099 27.236 0 0 1 1 0 0 0 9 1
-1153.218 695.421 381.558 174.831 20.469 25.791 0 0 1 1 0 0 0 9 1
-1153.218 695.421 381.558 174.831 20.469 25.791 0 0 1 1 0 0 0 9 1
-1113.222 828.848 188.814 -171.421 22.019 67.846 0 0 1 1 0 0 0 9 1
-1119.053 815.964 69.755 -173.663 23.529 66.430 0 0 1 1 0 0 0 9 1
-1128.998 824.595 -9.054 -173.349 21.842 67.719 0 0 1 1 0 0 0 9 1
-1191.402 825.187 -86.034 -168.775 18.621 64.702 0 0 1 1 0 0 0 9 1
-1277.363 775.756 -113.140 -166.399 22.601 63.565 0 0 1 1 0 0 0 9 1
-1274.818 732.740 -121.370 -171.323 29.360 63.647 0 0 1 1 0 0 0 9 1
-1291.349 598.696 -106.025 -176.136 28.226 61.491 0 0 1 1 0 0 0 9 1
-1291.349 598.696 -106.025 -176.136 28.226 61.491 0 0 1 1 0 0 0 9 1
-1291.349 598.696 -106.025 -176.136 28.226 61.491 0 0 1 1 0 0 0 9 1
-1291.349 598.696 -106.025 -176.136 28.226 61.491 0 0 1 1 0 0 0 9 1
-1291.349 598.696 -106.025 -176.136 28.226 61.491 0 0 1 1 0 0 0 9 1
-1291.349 598.696 -106.025 -176.136 28.226 61.491 0 0 1 1 0 0 0 9 1
-1291.349 598.696 -106.025 -176.136 28.226 61.491 0 0 1 1 0 0 0 9 1
-1291.349 598.696 -106.025 -176.136 28.226 61.491 0 0 1 1 0 0 0 9 1
-1291.977 606.121 -75.788 -174.131 27.122 61.446 0 0 1 1 0 0 0 9 1
-1291.977 606.121 -75.788 -174.131 27.122 61.446 0 0 1 1 0 0 0 9 1
-1291.977 606.121 -75.788 -174.131 27.122 61.446 0 0 1 1 0 0 0 9 1
-1288.810 622.455 -41.809 -172.968 27.123 60.269 0 0 1 1 0 0 0 9 1
-1289.031 622.321 -41.591 -172.952 27.140 60.249 0 0 1 1 0 0 0 9 1
-1289.031 622.321 -41.591 -172.952 27.140 60.249 0 0 1 1 0 0 0 9 1
-1289.031 622.321 -41.591 -172.952 27.140 60.249 0 0 1 1 0 0 0 9 1
-1278.732 629.512 -5.612 -173.278 26.087 59.698 0 0 1 1 0 0 0 9 1
-1278.691 629.532 -5.549 -173.282 26.088 59.696 0 0 1 1 0 0 0 9 1
-1278.691 629.532 -5.549 -173.282 26.088 59.696 0 0 1 1 0 0 0 9 1
-1278.691 629.532 -5.549 -173.282 26.088 59.696 0 0 1 1 0 0 0 9 1
-1278.691 629.532 -5.549 -173.282 26.088 59.696 0 0 1 1 0 0 0 9 1
-1278.691 629.532 -5.549 -173.282 26.088 59.696 0 0 1 1 0 0 0 9 1
-1278.691 629.532 -5.549 -173.282 26.088 59.696 0 0 1 1 0 0 0 9 1
-1261.489 650.730 42.474 -174.142 26.979 57.679 0 0 1 1 0 0 0 9 1
-1261.489 650.730 42.474 -174.142 26.979 57.679 0 0 1 1 0 0 0 9 1
-1261.489 650.730 42.474 -174.142 26.979 57.679 0 0 1 1 0 0 0 9 1
-1261.489 650.730 42.474 -174.142 26.979 57.679 0 0 1 1 0 0 0 9 1
-1261.489 650.730 42.474 -174.142 26.979 57.679 0 0 1 1 0 0 0 9 1
-1299.241 638.717 90.886 -177.919 16.812 53.659 0 0 1 1 0 0 0 9 1
-1299.241 638.717 90.886 -177.919 16.812 53.659 0 0 1 1 0 0 0 9 1
-1299.241 638.717 90.886 -177.919 16.812 53.659 0 0 1 1 0 0 0 9 1
-1299.241 638.717 90.886 -177.919 16.812 53.659 0 0 1 1 0 0 0 9 1
-1299.241 638.717 90.886 -177.919 16.812 53.659 0 0 1 1 0 0 0 9 1
-1299.241 638.717 90.886 -177.919 16.812 53.659 0 0 1 1 0 0 0 9 1
-1299.241 638.717 90.886 -177.919 16.812 53.659 0 0 1 1 0 0 0 9 1
-1321.154 599.599 131.168 177.755 -2.136 54.146 0 0 1 1 0 0 0 9 1
-1321.154 599.599 131.168 177.755 -2.136 54.146 0 0 1 1 0 0 0 9 1
-1321.154 599.599 131.168 177.755 -2.136 54.146 0 0 1 1 0 0 0 9 1
-1321.154 599.599 131.168 177.755 -2.136 54.146 0 0 1 1 0 0 0 9 1
-1321.154 599.599 131.168 177.755 -2.136 54.146 0 0 1 1 0 0 0 9 1
-1313.978 606.159 147.828 178.537 -5.514 55.549 0 0 1 1 0 0 0 9 1
-1313.978 606.159 147.828 178.537 -5.514 55.549 0 0 1 1 0 0 0 9 1
-1313.978 606.159 147.828 178.537 -5.514 55.549 0 0 1 1 0 0 0 9 1
-1313.978 606.159 147.828 178.537 -5.514 55.549 0 0 1 1 0 0 0 9 1
-1306.605 652.268 193.070 -179.439 10.598 42.577 0 0 1 1 0 0 0 9 1
-1306.605 652.268 193.070 -179.439 10.598 42.577 0 0 1 1 0 0 0 9 1
-1280.681 634.578 292.570 173.326 26.333 42.669 0 0 1 1 0 0 0 9 1
-1276.964 634.569 294.253 172.850 27.135 42.826 0 0 1 1 0 0 0 9 1
-1157.550 830.625 328.848 174.974 23.840 39.029 0 0 1 1 0 0 0 9 1
-1116.834 819.267 239.124 -153.196 16.676 111.583 0 0 1 1 0 0 0 9 1
-1116.697 819.392 239.191 -153.132 16.577 111.768 0 0 1 1 0 0 0 9 1
-1116.697 819.392 239.191 -153.132 16.577 111.768 0 0 1 1 0 0 0 9 1
-1071.895 807.127 -16.270 -165.907 32.206 88.440 0 0 1 1 0 0 0 9 1
-1071.054 805.271 -24.286 -165.996 32.387 88.484 0 0 1 1 0 0 0 9 1
-1149.298 763.817 -101.382 -164.895 30.710 87.463 0 0 1 1 0 0 0 9 1
-1202.699 718.268 -104.392 -164.682 29.713 89.238 0 0 1 1 0 0 0 9 1
-1251.468 675.987 -102.379 -164.937 29.623 89.195 0 0 1 1 0 0 0 9 1
-1304.474 664.648 -104.417 -161.184 27.905 86.035 0 0 1 1 0 0 0 9 1
-1288.014 607.907 -93.802 -165.776 27.417 85.491 0 0 1 1 0 0 0 9 1
-1258.223 628.291 -53.633 -165.064 25.986 86.767 0 0 1 1 0 0 0 9 1
-1258.223 628.291 -53.633 -165.064 25.986 86.767 0 0 1 1 0 0 0 9 1
-1258.223 628.291 -53.633 -165.064 25.986 86.767 0 0 1 1 0 0 0 9 1
-1248.499 639.119 -33.339 -163.798 25.311 88.100 0 0 1 1 0 0 0 9 1
-1247.015 641.217 -10.046 -162.780 25.047 88.122 0 0 1 1 0 0 0 9 1
-1241.022 651.822 7.604 -162.468 24.602 88.509 0 0 1 1 0 0 0 9 1
-1239.140 655.166 13.008 -162.379 24.463 88.629 0 0 1 1 0 0 0 9 1
-1233.056 660.314 32.690 -163.592 18.165 95.263 0 0 1 1 0 0 0 9 1
-1232.555 660.738 34.313 -163.743 17.673 95.820 0 0 1 1 0 0 0 9 1
-1263.909 647.250 38.177 -163.228 15.843 96.151 0 0 1 1 0 0 0 9 1
-1254.354 645.283 59.504 -163.932 14.897 96.932 0 0 1 1 0 0 0 9 1
-1254.354 645.283 59.504 -163.932 14.897 96.932 0 0 1 1 0 0 0 9 1
-1254.354 645.283 59.504 -163.932 14.897 96.932 0 0 1 1 0 0 0 9 1
-1254.354 645.283 59.504 -163.932 14.897 96.932 0 0 1 1 0 0 0 9 1
-1254.354 645.283 59.504 -163.932 14.897 96.932 0 0 1 1 0 0 0 9 1
-1254.354 645.283 59.504 -163.932 14.897 96.932 0 0 1 1 0 0 0 9 1
-1259.939 647.069 78.132 -165.225 10.774 100.427 0 0 1 1 0 0 0 9 1
-1263.839 643.571 77.467 -165.257 10.766 100.173 0 0 1 1 0 0 0 9 1
-1264.988 642.541 77.272 -165.266 10.763 100.099 0 0 1 1 0 0 0 9 1
-1280.664 640.277 93.441 -167.468 8.116 102.555 0 0 1 1 0 0 0 9 1
-1285.083 636.854 94.016 -168.178 7.746 103.012 0 0 1 1 0 0 0 9 1
-1285.293 634.580 100.579 -170.457 6.227 103.811 0 0 1 1 0 0 0 9 1
-1285.292 634.579 100.586 -170.459 6.225 103.812 0 0 1 1 0 0 0 9 1
-1306.806 615.216 124.596 -173.071 1.560 104.244 0 0 1 1 0 0 0 9 1
-1306.806 615.216 124.596 -173.071 1.560 104.244 0 0 1 1 0 0 0 9 1
-1299.059 622.385 199.457 -173.955 1.294 104.769 0 0 1 1 0 0 0 9 1
-1281.060 623.409 172.550 -174.664 4.581 104.325 0 0 1 1 0 0 0 9 1
-1279.881 623.476 170.787 -174.714 4.795 104.293 0 0 1 1 0 0 0 9 1
-1279.881 623.476 170.787 -174.714 4.795 104.293 0 0 1 1 0 0 0 9 1
-1303.337 641.012 171.142 -170.399 3.421 101.704 0 0 1 1 0 0 0 9 1
-1303.505 641.109 171.191 -170.366 3.411 101.689 0 0 1 1 0 0 0 9 1
-1303.505 641.109 171.191 -170.366 3.411 101.689 0 0 1 1 0 0 0 9 1
-1261.222 671.294 225.305 -169.531 6.593 99.354 0 0 1 1 0 0 0 9 1
-1259.899 676.531 232.057 -169.335 6.429 99.468 0 0 1 1 0 0 0 9 1
-1237.209 691.597 253.305 -166.950 10.800 99.035 0 0 1 1 0 0 0 9 1
-1193.617 807.761 289.203 -163.376 17.424 88.495 0 0 1 1 0 0 0 9 1
-1181.915 837.431 293.011 -163.149 17.440 87.337 0 0 1 1 0 0 0 9 1
-1075.214 860.180 278.257 -176.418 2.224 94.881 0 0 1 1 0 0 0 9 1
-1073.722 857.968 278.161 -175.978 2.802 94.450 0 0 1 1 0 0 0 9 1
-1073.292 857.567 278.400 -175.822 2.946 94.303 0 0 1 1 0 0 0 9 1
-1073.276 857.553 278.416 -175.815 2.952 94.296 0 0 1 1 0 0 0 9 1
-1073.276 857.553 278.416 -175.815 2.952 94.296 0 0 1 1 0 0 0 9 1
